2411
137438953506
130
137438953511
1
137438953512
576
137438953515
1
137438953517
6
137438953519
1
137438953520
1
137438953521
848
137438953522
471
137438953523
224
137438953524
153
137438953525
239
137438953526
71
137438953527
52
137438953528
76
137438953529
21
137438953563
47
137438953569
2387
137438953570
661
137438953571
572
137438953572
2432
137438953573
473
137438953574
367
137438953575
222
137438953576
315
137438953577
666
137438953578
735
137438953579
1592
137438953580
992
137438953581
1045
137438953582
1912
137438953583
3003
137438953584
4564
137438953585
18
137438953586
922
137438953587
3123
137438953588
1148
137438953589
1082
137438953590
3107
137438953591
72
137438953592
1
137438953593
52
137438953594
1787
137438953596
2652
141731921811
2
141731921812
98
141733905057
7
141733905060
8
141733905061
2
141733905065
14
141733905077
6
141733905078
4
141733905080
2
141733905082
353
141733905084
19
141733905281
6
141733905291
5
141733905293
924
141733905313
3
141733905315
2
141733905335
6
141733905538
2
141733905561
97
141733905563
3
141733905569
194
141733905598
183
141733907884
3
141733907886
3
141733907889
41
141733907890
3
141733907891
11
141733907892
7
141733907893
38
141733907895
1
141733907896
9
141733907897
18
141733907898
22
141733907899
1
141733907900
17
141733907901
25
141733907903
23
141733908096
49
141733908097
3
141733908099
23
141733908100
28
141733908101
13
141733908102
7
141733908103
13
141733908104
4
141733908105
2
146028888096
89
146028888105
235
146028888108
20
146028888110
1
146028888161
28
146028888162
27
146028888163
3
146028888164
34
146028888165
4
146028888166
14
146028888167
10
146028888168
7
146028888169
8
146028888171
18
146028888172
14
146028888173
54
146028888174
12
146028888175
19
146028888176
26
146028888178
4
146028888179
29
146028888180
8
146028888181
14
146028888182
12
146028888183
6
146028888186
6
150321856404
2
150323839657
5
150323839674
2
150323839676
1
150323839885
1
150323840153
1
150323842495
1
150323842692
1
163208757363
2
167503724576
14
167503724641
16
167503724645
49
167503724648
1
167503724649
7
167503724655
3
167503724659
1
167503724661
1
171798676137
6
171798678961
1
171798691874
232
171798691885
4
171798691889
14
171798691890
11
171798691891
11
171798691892
6
171798691893
1
171798691894
1
171798691895
1
171798691896
1
171798691897
1
171798691937
46
171798691938
18
171798691939
4
171798691940
36
171798691941
19
171798691942
4
171798691944
4
171798691945
28
171798691946
4
171798691947
11
171798691948
9
171798691949
18
171798691950
10
171798691951
42
171798691952
18
171798691954
12
171798691955
33
171798691956
5
171798691957
6
171798691958
19
171798691961
2
171798691962
6
176093643432
10
176093643433
1
176093643450
11
176093643452
1
176093643661
11
176093643966
1
176093646257
1
176093646261
1
176093646266
1
176093646468
4
176093659168
567
176093659170
22
176093659176
1
176093659177
5
176093659180
65
176093659182
6
176093659183
10
176093659186
1
176093659195
11
176093659229
1
176093659234
3
176093659236
34
176093659238
2
176093659239
1
176093659240
1
176093659241
1
176093659243
1
176093659244
2
176093659247
12
176093659248
1
176093659251
1
176093659252
4
176093659253
1
176093659254
6
180388611202
1
180388611233
1
184683593760
1
188978561056
1954
188978561074
1
188978561075
1
188978561077
10
188978561124
1
188978561142
1
193273515651
1
193273528352
433
193273528364
8
193273528365
336
193273528369
1
193273528417
11
193273528418
2
193273528419
4
193273528420
5
193273528421
9
193273528422
19
193273528423
6
193273528424
4
193273528425
17
193273528426
4
193273528427
6
193273528428
63
193273528429
2
193273528430
4
193273528431
7
193273528432
6
193273528433
2
193273528434
10
193273528435
6
193273528436
13
193273528437
4
193273528438
7
193273528439
1
197568479905
1
197568479913
1
197568480161
1
197568480167
1
197568482739
2
197568482944
1
197568495648
1067
197568495650
8
197568495657
39
197568495660
2
197568495661
4
197568495665
108
197568495666
120
197568495667
54
197568495668
26
197568495669
19
197568495670
19
197568495671
17
197568495672
3
197568495673
2
197568495674
2
197568495713
31
197568495714
7
197568495715
10
197568495716
39
197568495717
17
197568495718
4
197568495719
3
197568495720
8
197568495721
6
197568495723
8
197568495724
1
197568495725
11
197568495726
3
197568495727
2
197568495728
1
197568495730
4
197568495731
9
197568495732
14
197568495733
24
197568495734
14
197568495738
3
201863447201
1
201863447222
1
201863450037
3
201863450041
3
201863450042
2
201863450044
1
201863450045
2
201863450240
10
201863450244
2
201863450245
4
201863462944
26
201863462961
56
201863462962
25
201863462963
23
201863462964
26
201863462965
7
201863462966
5
201863462967
1
201863462969
3
201863463009
27
201863463010
80
201863463011
3
201863463012
20
201863463013
89
201863463014
40
201863463015
6
201863463016
26
201863463017
8
201863463019
13
201863463020
13
201863463021
12
201863463022
4
201863463023
12
201863463024
14
201863463026
5
201863463027
9
201863463028
6
201863463029
5
201863463030
6
201863463033
2
201863463034
2
206158414518
2
206158417338
1
206158417340
1
206158430240
107
206158430249
9
206158430252
14
206158430254
39
206158430255
13
206158430256
235
206158430257
18
206158430258
17
206158430259
17
206158430260
123
206158430261
11
206158430262
14
206158430263
17
206158430264
3
206158430265
2
206158430267
2
206158430301
6
206158430305
1
206158430306
1
210453397536
143
210453397545
14
210453397548
42
210453397550
407
210453397551
12
210453397552
34
210453397553
35
210453397554
43
210453397555
35
210453397556
27
210453397557
28
210453397558
18
210453397559
18
210453397560
23
210453397561
435
210453397563
1
210453397597
15
214748364832
162
214748364841
6
214748364844
71
214748364846
157
214748364847
20
214748364848
261
214748364849
29
214748364850
14
214748364851
47
214748364852
35
214748364853
23
214748364854
7
214748364855
14
214748364856
34
214748364857
16
214748364859
1
214748364893
11
219043332128
148
219043332137
5
219043332140
36
219043332142
130
219043332143
12
219043332144
19
219043332145
51
219043332146
10
219043332147
19
219043332148
24
219043332149
18
219043332150
41
219043332151
20
219043332152
24
219043332153
17
219043332154
2
219043332189
10
223338299424
276
223338299433
10
223338299436
34
223338299438
66
223338299439
18
223338299440
25
223338299441
9
223338299442
9
223338299443
13
223338299444
13
223338299445
18
223338299446
18
223338299447
10
223338299448
13
223338299449
6
223338299450
2
223338299485
10
227633266720
122
227633266729
9
227633266732
24
227633266734
211
227633266735
21
227633266736
12
227633266737
16
227633266738
11
227633266739
9
227633266740
8
227633266741
12
227633266742
11
227633266743
3
227633266744
23
227633266745
8
227633266781
10
231928234016
91
231928234025
9
231928234028
13
231928234030
52
231928234031
22
231928234032
9
231928234033
10
231928234034
5
231928234035
3
231928234036
16
231928234037
3
231928234038
4
231928234039
3
231928234040
25
231928234041
13
231928234042
1
231928234043
1
231928234077
8
236223201312
61
236223201321
7
236223201324
14
236223201326
33
236223201327
30
236223201328
10
236223201329
19
236223201330
4
236223201331
5
236223201332
1
236223201333
15
236223201334
27
236223201335
21
236223201336
19
236223201337
10
236223201373
6
240518168608
104
240518168617
6
240518168620
23
240518168622
38
240518168623
53
240518168624
36
240518168625
13
240518168626
14
240518168627
19
240518168628
14
240518168629
34
240518168630
15
240518168631
26
240518168632
30
240518168633
21
240518168669
6
244813135904
76
244813135913
6
244813135916
7
244813135917
1
244813135918
15
244813135919
28
244813135920
9
244813135921
14
244813135922
16
244813135923
9
244813135924
59
244813135925
42
244813135926
25
244813135927
76
244813135928
165
244813135929
174
244813135965
6
249108103200
124
249108103268
1
249108103282
1
249108103286
1
253403070496
82
253403070581
16
261993005088
2
390842023985
44
390842023986
20
390842023987
4
390842023988
4
390842023989
4
390842023990
4
390842023991
4
390842023992
4
390842023993
4
395136975757
2
399431958560
67
399431958572
11
399431958574
1
399431958645
1
412316860448
7
416611827744
4158
416611827746
37
416611827751
14
416611827753
80
416611827756
142
416611827757
7
416611827758
9
416611827759
41
416611827762
5
416611827770
3
416611827771
11
416611827808
7
416611827809
70
416611827810
225
416611827811
746
416611827812
1064
416611827813
37
416611827814
39
416611827815
196
416611827816
229
416611827817
67
416611827818
228
416611827819
511
416611827820
1351
416611827821
317
416611827822
1365
416611827823
3
416611827824
154
416611827825
2
416611827826
1117
416611827827
506
416611827828
1370
416611827829
213
416611827830
1163
416611827831
13
416611827832
116
416611827834
160
420906779303
2
420906779309
1
420906779310
1
420906779313
38
420906779322
9
420906779531
3
420906779533
148
420906779535
1
420906779559
2
420906779580
2
420906779778
26
420906779780
5
420906779784
4
420906779801
336
420906779803
2
420906779809
8
420906779813
2
420906779834
1
420906779838
268
420906795040
60
420906795042
1
420906795049
61
420906795052
9
420906795053
1
420906795054
12
420906795105
358
420906795106
9
420906795107
36
420906795108
36
420906795109
432
420906795111
4
420906795113
201
420906795114
36
420906795115
22
420906795116
158
420906795118
247
420906795119
1417
420906795122
59
420906795123
80
420906795124
4
420906795125
145
420906795126
9
420906795129
387
420906795130
3
425201746593
23
425201746601
15
425201746605
26
425201746616
2
425201746620
2
425201746621
94
425201746817
6
425201746829
6
425201746835
2
425201746843
90
425201747089
1
425201747097
16
425201747119
6
425201762336
100
425201762338
1
425201762345
50
425201762348
4
425201762349
1
425201762350
7
425201762351
1
425201762358
1
425201762362
1
425201762401
243
425201762403
22
425201762404
1
425201762405
818
425201762408
2930
425201762409
933
425201762410
15
425201762411
499
425201762412
34
425201762413
6
425201762414
185
425201762415
277
425201762417
1
425201762418
19
425201762419
16
425201762420
231
425201762421
75
425201762422
29
425201762423
3
425201762425
20
425201762426
39
429496713889
1
429496713897
3
429496713898
1
429496713901
521
429496714155
10
429496714370
2
429496714415
49
429496729632
786
429496729634
11
429496729639
52
429496729641
30
429496729644
11
429496729645
8
429496729646
18
429496729647
2
429496729659
3
429496729697
492
429496729698
667
429496729699
61
429496729700
51
429496729701
1325
429496729703
2
429496729704
30
429496729705
1215
429496729706
9
429496729707
39
429496729708
193
429496729709
120
429496729710
730
429496729711
1429
429496729712
224
429496729714
351
429496729715
213
429496729716
6
429496729717
330
429496729718
59
429496729719
13
429496729721
203
429496729722
48
433791681185
241
433791681188
1
433791681193
181
433791681197
103
433791681203
4
433791681212
3
433791681213
29
433791681421
148
433791681427
2
433791681435
481
433791681451
1
433791681672
2
433791681681
1
433791681689
22
433791681711
144
433791681722
2
433791696928
3574
433791696930
44
433791696936
10
433791696937
58
433791696940
191
433791696941
49
433791696942
13
433791696943
84
433791696946
5
433791696947
2
433791696948
1
433791696949
1
433791696950
1
433791696954
3
433791696955
10
433791696993
69
433791696994
592
433791696995
972
433791696996
1418
433791696997
155
433791696998
52
433791696999
242
433791697000
155
433791697001
221
433791697002
518
433791697003
711
433791697004
1055
433791697005
910
433791697006
3517
433791697007
157
433791697008
129
433791697009
3
433791697010
1995
433791697011
941
433791697012
986
433791697013
276
433791697014
212
433791697015
23
433791697016
112
433791697017
13
433791697018
231
438086648481
4
438086648484
2
438086648485
2
438086648493
2
438086648715
6
438086648717
147
438086648737
1
438086648766
8
438086648968
27
438086648985
55
438086648993
15
438086649020
2
438086649022
65
438086651323
2
438086664224
130
438086664226
1
438086664233
12
438086664289
219
438086664290
1
438086664293
230
438086664294
20
438086664295
8
438086664296
1
438086664297
507
438086664298
1
438086664300
26
438086664301
1
438086664303
106
438086664306
72
438086664307
14
438086664308
50
438086664309
41
438086664313
50
442381615777
1
442381615780
5
442381615789
2
442381615798
8
442381615800
5
442381615802
2
442381615804
18
442381616273
2
442381631520
163
442381631522
5
442381631529
10
442381631532
4
442381631533
3
442381631534
24
442381631535
2
442381631585
127
442381631586
1
442381631588
86
442381631589
425
442381631590
7
442381631591
5
442381631592
7
442381631593
1028
442381631595
13
442381631596
9
442381631598
79
442381631599
99
442381631600
1
442381631602
96
442381631603
60
442381631604
12
442381631605
63
442381631607
1
442381631609
145
442381631610
7
446676583073
110
446676583076
3
446676583081
20
446676583085
37
446676583091
3
446676583094
2
446676583100
4
446676583335
1
446676583554
1
446676583585
1
446676583595
2
446676598816
1271
446676598818
1
446676598825
9
446676598828
38
446676598829
5
446676598830
21
446676598842
3
446676598843
6
446676598881
210
446676598882
17
446676598883
5
446676598884
4
446676598885
349
446676598886
1
446676598888
9
446676598889
666
446676598890
2
446676598891
1
446676598892
192
446676598893
5
446676598894
236
446676598895
1393
446676598896
1
446676598898
170
446676598899
78
446676598900
79
446676598901
161
446676598902
40
446676598903
11
446676598905
73
446676598906
2
450971550369
82
450971550372
11
450971550373
1
450971550374
1
450971550377
28
450971550390
18
450971550392
3
450971550396
1
450971550397
7
450971550593
2
450971550873
3
450971550895
18
450971550910
39
450971566112
1692
450971566114
7
450971566121
62
450971566124
125
450971566125
5
450971566126
15
450971566127
44
450971566139
2
450971566177
804
450971566178
16
450971566179
1334
450971566180
174
450971566181
839
450971566182
429
450971566183
129
450971566184
14
450971566185
147
450971566186
419
450971566187
695
450971566188
315
450971566189
249
450971566190
1949
450971566191
485
450971566192
350
450971566193
80
450971566194
373
450971566195
1055
450971566196
1566
450971566197
72
450971566198
385
450971566199
11
450971566200
1
450971566202
246
455266517664
1
455266517665
61
455266517668
1
455266517672
3
455266517673
7
455266517674
1
455266517675
38
455266517677
23
455266517683
15
455266517692
1
455266517899
10
455266517901
43
455266517913
1
455266517943
3
455266518148
2
455266518152
6
455266518169
1
455266518177
79
455266518195
3
455266518204
1
455266518206
37
455266520497
10
455266533408
32
455266533417
4
455266533420
2
455266533422
3
455266533435
1
455266533473
414
455266533475
2
455266533476
12
455266533477
812
455266533478
1
455266533481
303
455266533483
8
455266533484
1
455266533485
264
455266533486
202
455266533487
51
455266533488
5
455266533490
1
455266533491
116
455266533493
56
455266533494
13
455266533498
2
459561484961
1
459561484964
3
459561484966
1
459561484973
507
459561484982
1
459561484986
1
459561485185
2
459561485189
18
459561485473
11
459561485487
44
459561500704
483
459561500706
4
459561500713
8
459561500716
23
459561500717
2
459561500718
2
459561500719
5
459561500730
1
459561500769
1300
459561500771
39
459561500772
34
459561500773
173
459561500775
1
459561500776
5
459561500777
183
459561500778
1
459561500779
11
459561500780
541
459561500782
10
459561500783
1554
459561500786
166
459561500787
47
459561500788
1027
459561500789
767
459561500790
435
459561500791
6
459561500793
459
463856452257
323
463856452260
14
463856452265
656
463856452278
6
463856452280
2
463856452284
4
463856452285
454
463856452481
23
463856452485
2
463856452493
4
463856452540
2
463856452769
9
463856452783
89
463856452787
3
463856452798
1
463856455300
1
463856468000
473
463856468007
32
463856468008
3
463856468009
5
463856468012
11
463856468013
25
463856468014
99
463856468015
2
463856468018
2
463856468019
1
463856468027
1
463856468065
1353
463856468066
5
463856468067
102
463856468068
35
463856468069
1990
463856468070
6
463856468071
133
463856468072
13
463856468073
1236
463856468074
20
463856468075
199
463856468076
175
463856468077
43
463856468078
344
463856468079
1663
463856468080
3
463856468081
1
463856468082
1
463856468083
306
463856468084
190
463856468085
478
463856468086
34
463856468087
3
463856468089
156
463856468090
21
468151419553
731
468151419556
37
468151419558
14
468151419560
1
468151419561
363
468151419565
18
468151419571
57
468151419572
29
468151419573
2
468151419574
3
468151419580
1
468151419581
18
468151419777
2
468151419781
1
468151419795
1
468151419799
2
468151419801
5
468151419819
5
468151420040
44
468151420049
1
468151420065
19
468151420079
62
468151435296
1565
468151435298
7
468151435302
2
468151435305
4
468151435308
81
468151435309
10
468151435310
35
468151435311
1
468151435322
3
468151435323
1
468151435361
754
468151435362
63
468151435363
47
468151435364
9
468151435365
644
468151435366
3
468151435367
6
468151435368
1
468151435369
829
468151435371
7
468151435372
28
468151435373
91
468151435374
65
468151435375
372
468151435376
52
468151435378
5
468151435379
42
468151435380
54
468151435381
329
468151435382
5
468151435383
1
468151435385
94
472446386849
143
472446386852
10
472446386857
295
472446386861
178
472446386867
1
472446386870
3
472446386876
1
472446386877
4
472446387073
8
472446387095
10
472446387099
510
472446387115
1
472446387330
1
472446387345
1
472446387375
51
472446387377
1
472446387390
13
472446402592
978
472446402594
34
472446402600
1
472446402601
30
472446402604
20
472446402605
18
472446402606
3
472446402607
9
472446402611
1
472446402613
1
472446402614
2
472446402618
1
472446402619
1
472446402657
1372
472446402658
4
472446402659
162
472446402660
558
472446402661
1688
472446402662
92
472446402663
279
472446402664
30
472446402665
1649
472446402666
1
472446402667
218
472446402668
46
472446402669
56
472446402670
346
472446402671
1205
472446402672
19
472446402673
3
472446402674
9
472446402675
777
472446402676
555
472446402677
312
472446402678
7
472446402679
3
472446402681
239
472446402682
26
476741354145
840
476741354148
14
476741354150
5
476741354151
6
476741354153
1520
476741354157
3261
476741354163
8
476741354166
2
476741354170
1
476741354173
699
476741354369
3
476741354381
148
476741354391
12
476741354393
15
476741354395
688
476741354411
2
476741354641
3
476741354657
3
476741354671
31
476741354684
50
476741354686
46
476741369888
3140
476741369890
16
476741369897
5
476741369900
31
476741369901
53
476741369902
1
476741369903
24
476741369914
2
476741369953
9
476741369954
1014
476741369955
297
476741369956
1991
476741369957
53
476741369958
309
476741369959
676
476741369960
226
476741369961
20
476741369962
201
476741369963
882
476741369964
1531
476741369965
855
476741369966
851
476741369967
91
476741369968
454
476741369969
1
476741369970
1710
476741369971
1711
476741369972
617
476741369973
1247
476741369974
1874
476741369975
33
476741369976
7
476741369977
20
476741369978
445
481036321677
44
481036321679
2
481036321697
21
481036321699
25
481036321719
1
481036321922
9
481036321924
8
481036321928
32
481036321945
51
481036321953
145
481036321957
1
481036321980
6
481036321982
260
481036324271
3
481036324274
1
481036324275
25
481036324276
6
481036324280
1
481036324282
2
481036324283
28
481036324284
7
481036324480
3
481036324481
1
481036324482
3
481036324485
8
481036324487
3
481036324488
1
481036337184
73
481036337198
2
481036337199
5
481036337249
359
481036337251
4
481036337253
401
481036337254
23
481036337256
32
481036337257
217
481036337260
638
481036337262
37
481036337263
2030
481036337264
21
481036337266
1869
481036337267
126
481036337268
34
481036337269
120
481036337273
4
485331288737
7
485331288740
13
485331288742
4
485331288745
117
485331288749
50
485331288755
1
485331288756
4
485331288757
1
485331288762
2
485331288961
1
485331288973
1
485331288979
2
485331288987
69
485331289218
1
485331289241
1307
485331289249
4
485331289263
77
485331304480
1
485331304545
1
485331304565
132
485331304567
1
489626271776
510
489626271778
56
489626271784
16
489626271785
17
489626271788
19
489626271789
21
489626271790
17
489626271791
27
489626271794
1
489626271841
1677
489626271842
35
489626271843
478
489626271844
120
489626271845
761
489626271846
4
489626271847
444
489626271848
52
489626271849
669
489626271850
10
489626271851
116
489626271852
66
489626271853
258
489626271854
1051
489626271855
2200
489626271856
36
489626271857
24
489626271858
53
489626271859
398
489626271860
298
489626271861
494
489626271862
128
489626271863
14
489626271865
291
489626271866
163
493921223329
432
493921223332
8
493921223333
2
493921223337
220
493921223338
1
493921223341
5
493921223347
3
493921223350
4
493921223352
1
493921223354
1
493921223356
17
493921223357
66
493921223553
1
493921223565
46
493921223571
1
493921223577
1
493921223585
12
493921223587
7
493921223595
4
493921223841
3
493921223851
1
493921223855
110
493921223870
90
493921239072
726
493921239074
29
493921239081
17
493921239084
45
493921239085
23
493921239086
32
493921239087
13
493921239093
1
493921239094
1
493921239099
3
493921239137
410
493921239138
29
493921239139
361
493921239140
40
493921239141
698
493921239142
8
493921239143
9
493921239144
43
493921239145
615
493921239146
27
493921239147
1438
493921239148
663
493921239149
242
493921239150
150
493921239151
740
493921239152
483
493921239154
31
493921239155
119
493921239156
4011
493921239157
193
493921239158
245
493921239159
8
493921239161
173
493921239162
115
498216190625
16
498216190627
1
498216190628
4
498216190633
10
498216190637
128
498216190648
2
498216190652
3
498216190849
4
498216191106
1
498216191112
1
498216191137
1
498216191151
23
498216206368
1120
498216206370
34
498216206376
20
498216206377
29
498216206380
113
498216206381
10
498216206382
114
498216206383
23
498216206386
1
498216206387
1
498216206388
4
498216206389
1
498216206390
1
498216206394
10
498216206395
11
498216206433
1182
498216206434
8
498216206435
3
498216206436
12
498216206437
2956
498216206438
11
498216206439
5
498216206440
151
498216206441
1344
498216206442
3
498216206443
100
498216206444
52
498216206445
10
498216206446
603
498216206447
1457
498216206448
1
498216206450
702
498216206451
233
498216206452
41
498216206453
1096
498216206454
373
498216206455
22
498216206457
406
498216206458
4
502511157920
45
502511157921
597
502511157924
29
502511157925
4
502511157926
1
502511157928
3
502511157929
241
502511157933
251
502511157939
6
502511157942
1
502511157944
1
502511157946
12
502511157948
4
502511157949
98
502511158145
17
502511158149
15
502511158157
23
502511158163
1
502511158171
217
502511158187
1
502511158408
24
502511158425
323
502511158433
11
502511158443
17
502511158447
135
502511160751
1
502511173664
2067
502511173666
8
502511173673
22
502511173676
135
502511173677
4
502511173678
20
502511173679
1
502511173683
1
502511173690
1
502511173691
8
502511173729
33
502511173730
257
502511173731
95
502511173732
394
502511173733
102
502511173734
9
502511173735
79
502511173736
34
502511173737
62
502511173738
464
502511173739
205
502511173740
357
502511173741
178
502511173742
653
502511173743
55
502511173744
226
502511173746
893
502511173747
231
502511173748
435
502511173749
21
502511173750
291
502511173751
12
502511173752
37
502511173754
190
506806125215
1
506806125217
3
506806125223
1
506806125225
4
506806125229
1
506806125233
3
506806125453
71
506806125455
12
506806125473
1
506806125475
4
506806125698
9
506806125721
3
506806125729
346
506806125758
210
506806140960
1109
506806140962
2
506806140969
5
506806140972
6
506806140974
13
506806140986
1
506806141025
1439
506806141026
44
506806141027
61
506806141028
3
506806141029
1342
506806141032
11
506806141033
340
506806141034
4
506806141035
60
506806141036
78
506806141037
7
506806141038
424
506806141039
710
506806141042
109
506806141043
72
506806141044
4
506806141045
146
506806141046
2
506806141049
797
506806141050
281
511101092513
498
511101092516
4
511101092517
11
511101092518
1
511101092521
140
511101092525
326
511101092541
493
511101092749
54
511101092763
523
511101093000
24
511101093017
10
511101093025
141
511101093039
14
511101095345
4
511101095348
1
511101095349
4
511101095353
2
511101095556
5
511101095561
1
511101108256
28
511101108258
6
511101108269
1
511101108270
3
511101108271
3
511101108321
43
511101108325
62
511101108328
3
511101108329
41
511101108331
6
511101108332
1
511101108333
1
511101108334
13
511101108335
10
511101108338
11
511101108339
3
511101108340
1
511101108343
1
511101108345
33
515396060290
3
515396075552
37
515396075561
2
515396075565
1
515396075567
1
515396075617
47
515396075619
1
515396075621
95
515396075625
51
515396075627
3
515396075630
3
515396075632
3
515396075636
10
515396075637
1
519691027113
1
519691027117
15
519691027631
1
519691042848
1625
519691042850
18
519691042857
24
519691042860
146
519691042862
13
519691042863
3
519691042867
2
519691042874
54
519691042875
10
519691042913
60
519691042914
43
519691042915
98
519691042916
242
519691042917
10
519691042919
43
519691042920
17
519691042921
7
519691042922
12
519691042923
115
519691042924
115
519691042925
26
519691042926
94
519691042927
7
519691042928
32
519691042930
31
519691042931
212
519691042932
289
519691042933
23
519691042934
5
519691042935
1
519691042938
40
523985994401
6
523985994413
6
523985994419
7
523985994422
2
523985994426
1
523985994637
101
523985994905
16
523985994913
41
523985994940
9
523985994942
38
523986010144
145
523986010146
1
523986010153
1
523986010156
3
523986010209
650
523986010210
44
523986010211
8
523986010212
451
523986010213
693
523986010215
1
523986010216
25
523986010217
314
523986010218
19
523986010219
172
523986010220
4
523986010221
56
523986010222
470
523986010223
143
523986010224
139
523986010226
6
523986010227
29
523986010228
74
523986010229
160
523986010230
77
523986010231
2
523986010233
29
523986010234
5
528280961697
296
528280961709
135
528280961722
4
528280961724
3
528280961921
1
528280961925
3
528280962193
2
528280962201
9
528280962209
3
528280962223
4
532575944736
2652
18438158618768441376
2
18438158623063408672
98
18438158623063408747
1
18438158623063408748
3
18446676586888429600
2
18446676586888429667
1
18446676586888429680
1
18446676591183396896
46
18446676591183396975
1
18446676595478364192
789
18446676595478364201
8
18446676595478364204
8
18446676595478364205
6
18446676595478364206
2
18446676595478364218
1
18446676595478364258
8
18446676595478364259
86
18446676595478364260
119
18446676595478364263
39
18446676595478364264
10
18446676595478364266
53
18446676595478364267
169
18446676595478364268
261
18446676595478364269
109
18446676595478364270
1119
18446676595478364272
19
18446676595478364274
113
18446676595478364275
141
18446676595478364276
552
18446676595478364278
607
18446676595478364282
120
18446676599773315981
2
18446676599773316232
3
18446676599773316249
46
18446676599773316257
60
18446676599773316286
54
18446676604068298863
3
18446676608363266093
1
18446676608363266095
1
18446676608363266146
3
18446676608363266148
11
18446676608363266150
2
18446676608363266151
3
18446676608363266153
2
18446676608363266155
31
18446676608363266156
10
18446676608363266157
3
18446676608363266158
21
18446676608363266162
42
18446676608363266163
6
18446676608363266164
28
18446676608363266169
1
18446676612658217631
2
18446676612658217636
13
18446676612658233442
1
18446676612658233444
2
18446676612658233445
4
18446676612658233452
1
18446676612658233458
13
18446676612658233461
1
18446676616953200740
4
18446676616953200743
14
18446676616953200747
1
18446676616953200748
1
18446676616953200749
1
18446676616953200750
1
18446676616953200754
2
18446676616953200755
2
18446676616953200758
1
18446676621248168033
6
18446676625543119520
1
18446676625543119523
2
18446676625543135346
16
18446676625543135347
1
18446676629838102560
1736
18446676629838102568
2
18446676629838102569
2
18446676629838102572
8
18446676629838102586
2
18446676629838102587
6
18446676629838102625
9
18446676629838102627
45
18446676629838102628
61
18446676629838102629
2
18446676629838102631
7
18446676629838102632
541
18446676629838102635
273
18446676629838102636
173
18446676629838102637
384
18446676629838102638
262
18446676629838102639
3
18446676629838102640
7
18446676629838102642
56
18446676629838102643
53
18446676629838102644
96
18446676629838102646
5
18446676629838102650
4
18446676634133054121
2
18446676634133054349
102
18446676634133069934
1
18446676634133069940
1
18446676634133069941
1
18446676638428037167
38
18446676647017971744
3009
18446676647017971746
8
18446676647017971753
12
18446676647017971756
256
18446676647017971757
11
18446676647017971758
33
18446676647017971759
5
18446676647017971770
32
18446676647017971771
4
18446676647017971809
44
18446676647017971810
1
18446676647017971811
788
18446676647017971812
98
18446676647017971814
1
18446676647017971816
290
18446676647017971818
32
18446676647017971819
141
18446676647017971820
199
18446676647017971821
521
18446676647017971822
111
18446676647017971824
493
18446676647017971826
16
18446676647017971827
423
18446676647017971828
62
18446676647017971830
50
18446676647017971834
88
18446676651312923533
7
18446676651312923801
12
18446676651312923809
1
18446676651312923838
24
18446676651312939124
1
18446676664197840993
41
18446676672787775520
4
18446676672787775588
3
18446676672787775591
56
18446676672787775596
2
18446676672787775597
1
18446676672787775598
16
18446676672787775600
2
18446676672787775602
3
18446676672787775603
3
18446676672787775607
13
18446676672787775610
6
18446676677082742893
29
18446676677082742898
4
18446676681377710180
1
18446676681377710181
1
18446676681377710188
1
18446676681377710192
6
18446676685672677408
2
18446676685672677423
1
18446676685672677478
1
18446676685672677479
14
18446676685672677480
2
18446676685672677483
1
18446676685672677485
1
18446676685672677486
4
18446676685672677488
1
18446676685672677490
17
18446676685672677491
40
18446676685672677492
7
18446676685672677494
3
18446676694262612066
1
18446676694262612068
1
18446676694262612071
2
18446676694262612074
4
18446676694262612076
1
18446676694262612078
2
18446676694262612082
7
18446676702852546658
2
18446676702852546660
31
18446676702852546664
1
18446676702852546667
12
18446676702852546668
2
18446676702852546669
6
18446676702852546670
2
18446676702852546672
19
18446676702852546674
94
18446676702852546675
51
18446676702852546676
1
18446676702852546678
4
18446676702852546682
45
18446676707147498381
81
18446676707147498649
54
18446676711442481250
14
18446676711442481252
1
18446676711442481254
16
18446676711442481255
7
18446676711442481256
1
18446676711442481260
15
18446676711442481262
7
18446676711442481266
18
18446676711442481267
2
18446676711442481274
1
18446676715737432735
1
18446676715737448480
390
18446676715737448492
1
18446676715737448546
15
18446676715737448547
614
18446676715737448548
10
18446676715737448552
6
18446676715737448554
8
18446676715737448555
162
18446676715737448556
4
18446676715737448557
363
18446676715737448558
1
18446676715737448560
6
18446676715737448562
165
18446676715737448563
10
18446676715737448564
100
18446676715737448565
42
18446676715737448566
25
18446676715737448570
11
18446676720032400269
13
18446676720032400545
11
18446676720032400574
5
18446677557551038496
10
18446677557551038563
7
18446677557551038564
2
18446677557551038570
1
18446677557551038572
3
18446677557551038573
4
18446677557551038574
2
18446677557551038578
19
18446677557551038579
8
18446677557551038580
19
18446677561845990590
1
18446677574730907680
28
18446677574730907692
2
18446677574730907747
5
18446677574730907748
1
18446677574730907760
2
18446677574730907763
1
18446677600500711456
1
18446677600500711525
5
18446677600500711529
11
18446677600500711530
7
18446677604795663243
2
18446677609090646048
9
18446677609090646062
11
18446677609090646113
36
18446677609090646114
5
18446677609090646115
1
18446677609090646117
649
18446677609090646121
402
18446677609090646122
1
18446677609090646123
8
18446677609090646124
663
18446677609090646126
318
18446677609090646127
12
18446677609090646131
1
18446677609090646132
24
18446677609090646133
25
18446677613385597601
26
18446677613385597613
29
18446677613385598088
11
18446677613385598127
5
18446677617680580640
14
18446677617680580705
1
18446677617680580719
1
18446677634860449824
1
18446677634860449891
1
18446677634860449892
1
18446677634860449898
1
18446677634860449901
1
18446677634860449906
2
18446677639155401889
2
18446677652040319008
6
18446677652040319082
10
18446677652040319091
8
18446677660630253600
14
18446677660630253667
1
18446677660630253671
6
18446677660630253684
1
18446677669220188192
711
18446677669220188204
48
18446677669220188205
1
18446677669220188206
5
18446677669220188219
1
18446677669220188259
49
18446677669220188260
270
18446677669220188264
52
18446677669220188266
33
18446677669220188267
34
18446677669220188268
407
18446677669220188269
40
18446677669220188270
290
18446677669220188272
3
18446677669220188274
161
18446677669220188275
106
18446677669220188276
218
18446677669220188278
3
18446677673515139981
1
18446677673515140232
2
18446677673515140249
63
18446677673515140257
33
18446677673515140286
25
18446677694989991968
1
18446677694989992037
4
18446677694989992041
34
18446677703579926625
2
18446677703579926633
34
18446677703579926645
2
18446677720759795809
3
18446677720759795826
1
18446677725054747559
1
18446677737939664994
13
18446677737939664996
3
18446677737939664999
3
18446677737939665006
6
18446677737939665012
2
18446677789479272553
10
18446677810954109025
3
18446677810954109045
1
18446677819544043552
1
18446677819544043635
7
18446678661357633568
21
18446678661357633633
8
18446678661357633635
2
18446678661357633637
5
18446678661357633647
9
18446678661357633653
5
18446678661357633657
2
18446678665652585139
4
18446678669947568162
1
18446678669947568227
5
18446678669947568243
9
18446678687127437344
57
18446678687127437356
1
18446678687127437409
1
18446678687127437419
7
18446678687127437423
26
18446678687127437427
6
18446678687127437429
94
18446678725782143008
4
18446678725782143021
1
18446678725782143079
2
18446678725782143081
2
18446678725782143090
1
18446678725782143098
1
18446678760141881376
8
18446678760141881378
2
18446678760141881388
2
18446678760141881390
35
18446678760141881441
27
18446678760141881442
1
18446678760141881445
697
18446678760141881449
200
18446678760141881452
2
18446678760141881454
47
18446678760141881455
96
18446678760141881459
138
18446678764436832929
29
18446678764436832941
1101
18446678764436833455
19
18446678768731816035
2
18446678768731816044
1
18446678768731816050
2
18446678794501619744
3
18446678794501619809
23
18446678794501619811
7
18446678794501619813
333
18446678794501619817
20
18446678794501619819
311
18446678794501619820
6
18446678794501619822
217
18446678794501619823
4
18446678794501619824
10
18446678794501619827
8
18446678794501619828
104
18446678794501619829
1
18446678794501619830
1
18446678798796571297
1
18446678798796571309
78
18446678798796571563
3
18446678798796571809
26
18446678798796571813
15
18446678811681488928
3
18446678811681489007
8
18446678811681489013
7
18446678837451292786
16
18446678837451292788
2
18446678841746244769
2
18446678854631161888
369
18446678854631161897
3
18446678854631161900
93
18446678854631161902
9
18446678854631161914
2
18446678854631161915
3
18446678854631161954
21
18446678854631161955
3
18446678854631161956
1
18446678854631161960
2
18446678854631161962
4
18446678854631161963
27
18446678854631161964
3
18446678854631161965
96
18446678854631161967
1
18446678854631161968
1
18446678854631161971
125
18446678854631161972
12
18446678854631161974
27
18446678854631161978
17
18446678858926113982
37
18446678863221096566
1
18446678871811031072
6
18446678901875802217
1
18446678901875802222
1
18446678901875802227
1
18446678910465736809
1
18446678910465736810
1
18446678910465736814
6
18446678910465736819
8
18446678910465736821
1
18446678910465736825
51
18446678919055671328
163
18446678919055671340
4
18446678919055671342
1
18446678919055671393
159
18446678919055671394
67
18446678919055671395
1
18446678919055671396
41
18446678919055671397
555
18446678919055671401
164
18446678919055671403
5
18446678919055671404
1
18446678919055671406
72
18446678919055671407
20
18446678919055671411
2
18446678919055671412
1
18446678919055671413
15
18446678919055671417
10
18446678923350622881
27
18446678923350622893
71
18446678923350623119
1
18446678923350623368
13
18446678923350623393
1
18446688737350909984
4
18446688741645864372
2
18446688741645864578
39
18446688741645864579
4
18446688741645864580
9
18446688745940831665
1
18446688745940831674
1
18446688745940831675
2
18446688745940831677
2
18446688745940831872
1
18446688745940831873
4
18446688745940844576
66
18446688745940844589
1
18446688750235798972
11
18446688750235799169
2
18446688750235799170
44
18446688750235799172
1
18446688750235811872
1
18446688750235811951
5
18446688754530766257
73
18446688754530766260
3
18446688754530766266
6
18446688754530766271
20
18446688754530766464
3
18446688754530766468
6
18446688754530766473
3
18446688758825746464
67
18446688758825746477
1
18446688758825746479
1
18446688758825746482
1
18446688758825746550
5
18446688763120700847
7
18446688763120700850
1
18446688763120700851
7
18446688763120700852
3
18446688763120700856
9
18446688763120700857
40
18446688763120700858
15
18446688763120700859
7
18446688763120700860
5
18446688763120700861
17
18446688763120700862
1
18446688763120701056
6
18446688763120701057
20
18446688763120701058
30
18446688763120701059
10
18446688763120701060
69
18446688763120701061
4
18446688763120701062
7
18446688767415668145
3
18446688767415668149
2
18446688767415668153
4
18446688767415668159
7
18446688767415681135
1
18446688767415681142
2
18446688771710635437
1
18446688771710635439
49
18446688771710635441
4
18446688771710635443
12
18446688771710635445
28
18446688771710635447
1
18446688771710635449
23
18446688771710635450
2
18446688771710635453
4
18446688771710635455
3
18446688771710635649
8
18446688771710635653
2
18446688771710648431
6
18446688776005602735
4
18446688776005602737
1
18446688776005602741
13
18446688776005602743
1
18446688776005602745
24
18446688776005602751
13
18446688776005602945
5
18446688776005602953
2
18446688776005615648
3
18446688776005615657
2
18446688776005615662
3
18446688776005615734
2
18446688780300570031
22
18446688780300570034
2
18446688780300570035
9
18446688780300570036
2
18446688780300570037
4
18446688780300570040
5
18446688780300570041
31
18446688780300570042
9
18446688780300570043
43
18446688780300570044
1
18446688780300570045
8
18446688780300570240
14
18446688780300570241
10
18446688780300570243
3
18446688780300570244
3
18446688780300570245
35
18446688780300570246
2
18446688780300570247
11
18446688780300570253
1
18446688784595550240
10
18446688784595550326
2
18446688788890504627
1
18446688788890504635
10
18446688788890504636
4
18446688788890504637
12
18446688788890504833
2
18446688788890504834
14
18446688788890504835
11
18446688788890504836
17
18446688788890504839
3
18446688788890517545
1
18446688788890517615
7
18446688793185471921
2
18446688793185471925
5
18446688793185471927
4
18446688793185471933
5
18446688793185471935
4
18446688793185472129
3
18446688793185472142
3
18446688793185484832
17
18446688793185484846
3
18446688793185484911
13
18446688793185484918
5
18446688797480439212
4
18446688797480439217
43
18446688797480439220
24
18446688797480439221
5
18446688797480439223
7
18446688797480439226
135
18446688797480439228
5
18446688797480439229
7
18446688797480439231
24
18446688797480439424
1
18446688797480439425
17
18446688797480439427
25
18446688797480439428
6
18446688797480439433
1
18446688797480439438
3
18446688797480452207
1
18446688801775406508
4
18446688801775406510
93
18446688801775406513
22
18446688801775406516
1
18446688801775406517
6
18446688801775406519
8
18446688801775406527
14
18446688801775406720
4
18446688801775406721
4
18446688801775406724
12
18446688801775406732
30
18446688801775406733
39
18446688801775406734
7
18446688801775419503
28
18446688806070373804
40
18446688806070373806
7
18446688806070373807
1
18446688806070373809
4
18446688806070373813
14
18446688806070373815
2
18446688806070373817
7
18446688806070373819
42
18446688806070373820
3
18446688806070373823
35
18446688806070374021
2
18446688806070374022
2
18446688806070374025
4
18446688806070374030
2
18446688806070386799
2
18446688810365341100
5
18446688810365341101
3
18446688810365341102
6
18446688810365341103
4
18446688810365341105
46
18446688810365341106
7
18446688810365341109
5
18446688810365341111
4
18446688810365341113
6
18446688810365341116
3
18446688810365341119
5
18446688810365341312
1
18446688810365341317
1
18446688810365341321
2
18446688810365341326
2
18446688810365354016
37
18446688810365354030
1
18446688810365354031
1
18446688810365354095
6
18446688814660308399
3
18446688814660308401
10
18446688814660308404
1
18446688814660308405
13
18446688814660308407
1
18446688814660308409
24
18446688814660308415
34
18446688814660308612
12
18446688814660308617
9
18446688814660308622
5
18446688818955275705
1
18446688818955288608
34
18446688818955288621
2
18446688823250242991
2
18446688823250242993
1
18446688823250242994
1
18446688823250242995
32
18446688823250242996
16
18446688823250243000
1
18446688823250243001
18
18446688823250243002
5
18446688823250243003
40
18446688823250243004
5
18446688823250243005
19
18446688823250243200
10
18446688823250243201
6
18446688823250243202
55
18446688823250243203
16
18446688823250243204
4
18446688823250243205
36
18446688823250243206
2
18446688823250243207
2
18446688823250243208
1
18446688823250243213
16
18446689647883976745
1
18446689647883976815
1
18446689647883976822
1
18446689652178931121
26
18446689652178931125
5
18446689652178931128
1
18446689652178931129
19
18446689652178931131
6
18446689652178931133
1
18446689652178931135
24
18446689652178931329
49
18446689652178931332
15
18446689652178931333
2
18446689652178931340
1
18446689652178944111
14
18446689656473898413
1
18446689656473898417
17
18446689656473898419
30
18446689656473898420
2
18446689656473898421
4
18446689656473898423
6
18446689656473898424
4
18446689656473898425
51
18446689656473898428
5
18446689656473898431
67
18446689656473898629
4
18446689656473898631
12
18446689656473898633
2
18446689656473898636
9
18446689656473898637
2
18446689656473898638
3
18446689656473911328
185
18446689656473911330
2
18446689656473911340
2
18446689665063833006
1
18446689665063833007
2
18446689665063833009
3
18446689665063833015
23
18446689665063833016
2
18446689665063833017
7
18446689665063833018
6
18446689665063833023
4
18446689665063833219
3
18446689665063833220
33
18446689665063833221
7
18446689665063833223
9
18446689665063833225
1
18446689665063833228
1
18446689665063845934
3
18446689665063845999
8
18446689669358800300
2
18446689669358800301
6
18446689669358800302
10
18446689669358800303
7
18446689669358800305
14
18446689669358800309
21
18446689669358800311
26
18446689669358800313
51
18446689669358800315
5
18446689669358800316
6
18446689669358800319
35
18446689669358800513
53
18446689669358800515
1
18446689669358800517
13
18446689669358800521
6
18446689669358800524
3
18446689669358813216
16
18446689669358813228
1
18446689669358813302
1
18446689673653767603
10
18446689673653767612
18
18446689673653767613
2
18446689673653767808
9
18446689673653767809
35
18446689673653767811
2
18446689673653767812
28
18446689673653767815
19
18446689677948734894
5
18446689677948734897
3
18446689677948734904
2
18446689677948735105
4
18446689677948735109
4
18446689677948735118
2
18446689677948747887
2
18446689682243702191
15
18446689682243702193
3
18446689682243702197
17
18446689682243702201
16
18446689682243702205
10
18446689682243702207
10
18446689682243702414
1
18446689686538669701
6
18446689686538682486
1
18446689690833636796
5
18446689690833636797
17
18446689690833636992
1
18446689690833636995
3
18446689690833636996
6
18446689699423584288
19
18446689703718538674
1
18446689703718538675
1
18446689703718538684
3
18446689703718538685
9
18446689703718538882
4
18446689703718538884
7
18446689703718551584
6
18446689708013505979
7
18446689708013505980
2
18446689708013506176
39
18446689708013506177
1
18446689708013506180
1
18446689708013506183
2
18446689708013518966
1
18446689712308473268
1
18446689712308473271
2
18446689712308473277
17
18446689712308473279
1
18446689712308473473
6
