2278
137438953506
126
137438953511
1
137438953512
615
137438953515
1
137438953517
24
137438953519
1
137438953520
1
137438953521
802
137438953522
470
137438953523
222
137438953524
154
137438953525
239
137438953526
74
137438953527
52
137438953528
76
137438953529
20
137438953563
47
137438953569
3910
137438953570
1190
137438953571
470
137438953572
3395
137438953573
3137
137438953574
2609
137438953575
747
137438953576
1025
137438953577
2126
137438953578
252
137438953579
1148
137438953580
763
137438953581
2147
137438953582
494
137438953583
2541
137438953584
1800
137438953585
18
137438953586
576
137438953587
2891
137438953588
1717
137438953589
1777
137438953590
1155
137438953591
82
137438953592
1
137438953593
71
137438953594
96
137438953596
2651
141731921812
79
141733904807
2
141733905057
7
141733905060
8
141733905061
445
141733905062
52
141733905065
21
141733905077
6
141733905078
4
141733905080
49
141733905082
1
141733905084
19
141733905281
6
141733905291
5
141733905293
5
141733905313
3
141733905315
2
141733905335
6
141733905538
3
141733905561
2
141733905563
3
141733905569
37
141733905598
2
141733907884
3
141733907886
3
141733907889
41
141733907890
3
141733907891
11
141733907892
7
141733907893
38
141733907895
1
141733907896
9
141733907897
18
141733907898
22
141733907899
1
141733907900
17
141733907901
25
141733907903
23
141733908096
49
141733908097
3
141733908099
23
141733908100
28
141733908101
13
141733908102
7
141733908103
13
141733908104
4
141733908105
2
146028888096
93
146028888105
79
146028888108
12
146028888109
6
146028888110
3
146028888122
9
146028888161
28
146028888162
29
146028888163
5
146028888164
33
146028888165
13
146028888166
22
146028888167
6
146028888168
4
146028888169
7
146028888171
22
146028888172
20
146028888173
65
146028888174
10
146028888175
13
146028888176
22
146028888178
4
146028888179
28
146028888180
8
146028888181
13
146028888182
16
146028888183
3
146028888186
5
150321856404
2
150323839657
2
150323839674
1
150323839676
1
150323839885
2
150323842495
1
150323842692
1
163208757363
2
167503724576
16
167503724641
15
167503724645
49
167503724648
1
167503724649
7
167503724655
3
167503724659
2
167503724661
1
171798676137
6
171798678961
1
171798691874
239
171798691880
1
171798691885
4
171798691889
25
171798691890
11
171798691891
11
171798691892
6
171798691893
1
171798691894
1
171798691895
1
171798691896
1
171798691897
1
171798691937
58
171798691938
26
171798691939
5
171798691940
28
171798691941
33
171798691942
28
171798691943
4
171798691944
18
171798691945
39
171798691946
5
171798691947
2
171798691948
11
171798691949
25
171798691950
12
171798691951
3
171798691952
14
171798691954
16
171798691955
25
171798691956
20
171798691957
21
171798691958
11
171798691959
1
171798691961
2
171798691962
1
176093643432
10
176093643433
1
176093643452
1
176093646257
1
176093646261
1
176093646266
1
176093646468
4
176093659168
547
176093659170
25
176093659176
4
176093659177
6
176093659180
96
176093659182
6
176093659183
11
176093659186
1
176093659194
5
176093659195
7
176093659233
5
176093659234
4
176093659235
4
176093659236
5
176093659237
35
176093659240
1
176093659241
2
176093659243
1
176093659244
2
176093659250
1
176093659252
4
176093659253
2
176093659254
10
184683593760
1
188978561056
2693
188978561058
1
188978561074
1
188978561075
1
193273515651
1
193273528352
555
193273528364
19
193273528365
336
193273528367
2
193273528369
38
193273528370
1
193273528371
2
193273528372
1
193273528377
2
193273528417
15
193273528418
3
193273528419
5
193273528420
8
193273528421
13
193273528422
22
193273528423
18
193273528424
4
193273528425
18
193273528426
6
193273528427
11
193273528428
15
193273528429
5
193273528430
15
193273528431
8
193273528432
19
193273528433
2
193273528434
15
193273528435
9
193273528436
20
193273528437
9
193273528438
9
193273528439
2
197568479905
1
197568479909
4
197568479913
1
197568480161
1
197568480167
1
197568482739
2
197568482944
1
197568495648
991
197568495650
8
197568495657
38
197568495660
2
197568495661
5
197568495665
106
197568495666
124
197568495667
54
197568495668
26
197568495669
20
197568495670
20
197568495671
17
197568495672
3
197568495673
2
197568495674
3
197568495713
36
197568495714
7
197568495715
10
197568495716
39
197568495717
23
197568495718
4
197568495719
1
197568495720
7
197568495721
5
197568495723
8
197568495724
2
197568495725
12
197568495726
2
197568495727
2
197568495728
1
197568495730
4
197568495731
9
197568495732
13
197568495733
23
197568495734
17
197568495738
3
201863447201
1
201863447222
1
201863450037
3
201863450041
3
201863450042
2
201863450044
1
201863450045
2
201863450240
10
201863450244
2
201863450245
4
201863462944
27
201863462960
14
201863462961
21
201863462962
23
201863462963
23
201863462964
26
201863462965
7
201863462966
5
201863462967
1
201863462968
22
201863462969
14
201863463009
28
201863463010
77
201863463011
3
201863463012
20
201863463013
98
201863463014
44
201863463015
6
201863463016
26
201863463017
8
201863463019
13
201863463020
13
201863463021
14
201863463022
4
201863463023
7
201863463024
17
201863463026
5
201863463027
9
201863463028
6
201863463029
4
201863463030
6
201863463033
2
201863463034
2
206158414518
2
206158417338
1
206158417340
1
206158430240
97
206158430249
9
206158430252
20
206158430253
4
206158430254
39
206158430255
13
206158430256
224
206158430257
18
206158430258
18
206158430259
19
206158430260
124
206158430261
10
206158430262
14
206158430263
17
206158430264
3
206158430265
2
206158430267
2
206158430301
6
210453397536
93
210453397545
13
210453397548
70
210453397549
11
210453397550
416
210453397551
23
210453397552
32
210453397553
34
210453397554
46
210453397555
35
210453397556
27
210453397557
27
210453397558
18
210453397559
18
210453397560
23
210453397561
395
210453397562
2
210453397597
14
214748364832
131
214748364841
8
214748364844
101
214748364845
4
214748364846
166
214748364847
21
214748364848
249
214748364849
35
214748364850
14
214748364851
47
214748364852
35
214748364853
23
214748364854
7
214748364855
14
214748364856
34
214748364857
16
214748364859
1
214748364893
11
219043332128
127
219043332137
6
219043332140
46
219043332141
7
219043332142
133
219043332143
12
219043332144
19
219043332145
53
219043332146
10
219043332147
19
219043332148
24
219043332149
18
219043332150
41
219043332151
20
219043332152
24
219043332153
17
219043332154
2
219043332189
9
223338299424
258
223338299433
9
223338299436
51
223338299437
3
223338299438
68
223338299439
18
223338299440
26
223338299441
11
223338299442
9
223338299443
13
223338299444
13
223338299445
18
223338299446
18
223338299447
10
223338299448
13
223338299449
5
223338299450
2
223338299485
10
227633266720
91
227633266729
9
227633266732
34
227633266733
6
227633266734
213
227633266735
21
227633266736
12
227633266737
16
227633266738
11
227633266739
9
227633266740
7
227633266741
12
227633266742
11
227633266743
3
227633266744
23
227633266745
8
227633266781
10
231928234016
89
231928234025
9
231928234028
21
231928234029
1
231928234030
49
231928234031
22
231928234032
9
231928234033
10
231928234034
5
231928234035
3
231928234036
16
231928234037
3
231928234038
4
231928234039
3
231928234040
25
231928234041
13
231928234042
1
231928234043
1
231928234077
8
236223201312
51
236223201321
7
236223201324
22
236223201325
2
236223201326
35
236223201327
30
236223201328
10
236223201329
19
236223201330
4
236223201331
5
236223201332
1
236223201333
15
236223201334
27
236223201335
21
236223201336
19
236223201337
10
236223201373
6
240518168608
84
240518168617
6
240518168620
39
240518168621
3
240518168622
38
240518168623
51
240518168624
36
240518168625
12
240518168626
14
240518168627
19
240518168628
14
240518168629
33
240518168630
15
240518168631
26
240518168632
30
240518168633
21
240518168669
6
244813135904
68
244813135913
5
244813135916
8
244813135917
7
244813135918
15
244813135919
28
244813135920
8
244813135921
12
244813135922
15
244813135923
10
244813135924
59
244813135925
42
244813135926
25
244813135927
76
244813135928
141
244813135929
157
244813135965
6
249108103200
140
249108103202
1
249108103268
1
249108103282
1
253403070496
60
253403070581
16
390842023985
44
390842023986
20
390842023987
4
390842023988
4
390842023989
4
390842023990
4
390842023991
4
390842023992
4
390842023993
4
399431958560
69
399431958572
11
399431958574
1
399431958645
1
412316860448
6
416611827744
1660
416611827746
46
416611827751
16
416611827753
72
416611827756
58
416611827757
19
416611827758
11
416611827759
40
416611827762
5
416611827770
1
416611827771
12
416611827808
6
416611827809
70
416611827810
257
416611827811
229
416611827812
419
416611827813
38
416611827814
1569
416611827815
766
416611827816
12
416611827817
68
416611827818
127
416611827819
430
416611827820
1428
416611827821
594
416611827822
3403
416611827823
3
416611827824
139
416611827825
2
416611827826
2153
416611827827
579
416611827828
2233
416611827829
301
416611827830
288
416611827831
16
416611827832
21
416611827834
39
420906779303
2
420906779309
1
420906779310
1
420906779313
38
420906779322
9
420906779531
3
420906779533
4
420906779559
2
420906779580
2
420906779778
25
420906779780
8
420906779801
13
420906779803
2
420906779809
3
420906779834
1
420906779838
10
420906795040
125
420906795042
1
420906795049
62
420906795052
14
420906795053
1
420906795054
12
420906795105
184
420906795106
9
420906795107
4
420906795108
6
420906795109
1531
420906795111
4
420906795113
297
420906795114
5
420906795115
2
420906795116
200
420906795118
27
420906795119
183
420906795122
99
420906795123
80
420906795125
46
420906795126
6
420906795129
136
420906795130
2
425201746593
2
425201746597
5
425201746598
9
425201746601
9
425201746605
1
425201746616
61
425201746620
2
425201746817
6
425201746835
2
425201747089
1
425201762336
27
425201762345
49
425201762349
19
425201762350
8
425201762351
1
425201762358
1
425201762401
244
425201762403
21
425201762404
1
425201762405
425
425201762408
977
425201762409
697
425201762410
15
425201762411
55
425201762412
36
425201762413
4
425201762414
40
425201762415
205
425201762418
19
425201762419
16
425201762420
194
425201762421
72
425201762422
1
425201762423
3
425201762425
22
425201762426
40
429496713897
2
429496713898
1
429496713901
17
429496714155
10
429496714370
2
429496729632
1544
429496729634
9
429496729639
51
429496729641
31
429496729644
103
429496729645
15
429496729646
20
429496729647
6
429496729658
52
429496729659
6
429496729697
1157
429496729698
34
429496729699
1
429496729700
938
429496729701
6262
429496729702
98
429496729703
136
429496729704
138
429496729705
1443
429496729706
20
429496729707
92
429496729708
737
429496729709
40
429496729710
122
429496729711
339
429496729712
24
429496729714
312
429496729715
1100
429496729716
450
429496729717
164
429496729718
109
429496729719
13
429496729721
89
429496729722
47
433791681185
1
433791681188
1
433791681190
58
433791681193
8
433791681197
2
433791681203
4
433791681208
215
433791681212
3
433791681421
7
433791681427
2
433791681435
4
433791681451
1
433791681681
1
433791681711
10
433791681722
2
433791696928
6515
433791696930
47
433791696936
12
433791696937
69
433791696940
401
433791696941
51
433791696942
33
433791696943
82
433791696946
5
433791696947
2
433791696948
1
433791696949
1
433791696950
1
433791696954
1
433791696955
9
433791696993
195
433791696994
73
433791696995
559
433791696996
2978
433791696997
162
433791696998
232
433791696999
437
433791697000
130
433791697001
228
433791697002
346
433791697003
1140
433791697004
3539
433791697005
1338
433791697006
5816
433791697007
69
433791697008
270
433791697009
3
433791697010
8654
433791697011
1968
433791697012
2894
433791697013
358
433791697014
622
433791697015
23
433791697016
86
433791697017
84
433791697018
30
438086648479
1
438086648481
3
438086648484
2
438086648485
7
438086648493
1
438086648504
67
438086648715
6
438086648717
5
438086648737
1
438086648766
8
438086648993
1
438086649020
2
438086651323
2
438086664224
1432
438086664233
14
438086664236
38
438086664237
2
438086664238
28
438086664250
1
438086664251
1
438086664289
711
438086664290
1
438086664292
33
438086664293
219
438086664294
92
438086664295
36
438086664296
7
438086664297
468
438086664298
6
438086664300
63
438086664301
2
438086664303
1604
438086664304
3
438086664306
358
438086664307
160
438086664308
234
438086664309
101
438086664310
1
438086664313
145
442381615780
5
442381615781
19
442381615782
92
442381615789
2
442381615798
8
442381615800
414
442381615802
2
442381615804
18
442381616273
2
442381631520
2251
442381631522
8
442381631529
16
442381631532
90
442381631533
2
442381631534
32
442381631535
11
442381631546
1
442381631547
1
442381631585
331
442381631586
1
442381631588
121
442381631589
2223
442381631590
8
442381631591
128
442381631592
310
442381631593
1140
442381631594
2
442381631595
15
442381631596
133
442381631597
5
442381631598
259
442381631599
185
442381631600
2
442381631602
289
442381631603
315
442381631604
235
442381631605
95
442381631606
9
442381631607
1
442381631609
182
442381631610
7
446676583073
1
446676583076
3
446676583077
149
446676583078
178
446676583081
20
446676583085
37
446676583091
3
446676583094
2
446676583096
111
446676583100
4
446676583335
1
446676583554
1
446676583585
1
446676583595
2
446676598816
109
446676598818
1
446676598825
8
446676598829
5
446676598830
9
446676598843
4
446676598881
563
446676598882
17
446676598884
1
446676598885
1305
446676598886
1
446676598888
9
446676598889
472
446676598890
43
446676598891
2
446676598892
47
446676598893
2
446676598894
93
446676598895
320
446676598898
25
446676598899
23
446676598900
34
446676598901
89
446676598902
711
446676598903
11
446676598905
33
446676598906
2
450971550369
2
450971550372
11
450971550373
21
450971550374
19
450971550377
15
450971550390
18
450971550392
74
450971550396
1
450971550397
2
450971550593
2
450971566112
1670
450971566114
6
450971566121
65
450971566124
44
450971566125
11
450971566126
5
450971566127
44
450971566139
2
450971566177
848
450971566178
70
450971566179
695
450971566180
517
450971566181
853
450971566182
347
450971566183
1218
450971566184
11
450971566185
122
450971566186
320
450971566187
1068
450971566188
1233
450971566189
144
450971566190
3315
450971566191
892
450971566192
256
450971566193
81
450971566194
805
450971566195
2103
450971566196
1436
450971566197
41
450971566198
794
450971566199
12
450971566200
1
450971566202
94
455266517664
1
455266517665
14
455266517668
1
455266517670
3
455266517672
3
455266517673
4
455266517674
1
455266517675
38
455266517677
1
455266517683
15
455266517688
47
455266517692
1
455266517899
10
455266517901
9
455266517913
1
455266517943
3
455266518148
2
455266518177
5
455266518195
3
455266518204
1
455266520497
10
455266533408
136
455266533417
5
455266533420
1
455266533421
1
455266533422
2
455266533473
397
455266533476
83
455266533477
470
455266533478
23
455266533481
18
455266533483
8
455266533484
9
455266533486
67
455266533487
128
455266533490
1
455266533491
35
455266533492
5
455266533493
81
455266533494
6
455266533498
2
459561484964
3
459561484966
9
459561484982
1
459561484984
6
459561484986
1
459561485185
2
459561485189
18
459561500704
398
459561500706
20
459561500713
8
459561500716
27
459561500717
5
459561500718
109
459561500719
3
459561500730
1
459561500769
940
459561500771
5
459561500772
18
459561500773
1429
459561500774
2
459561500775
1
459561500776
6
459561500777
553
459561500778
1
459561500779
260
459561500780
204
459561500781
2
459561500782
177
459561500783
822
459561500784
5
459561500786
294
459561500787
550
459561500788
1041
459561500789
399
459561500790
153
459561500791
6
459561500793
19
463856452257
122
463856452260
14
463856452261
8
463856452262
15
463856452265
17
463856452278
6
463856452280
37
463856452284
4
463856452285
13
463856452481
23
463856452485
2
463856452493
1
463856452540
2
463856452769
9
463856452787
3
463856455300
1
463856468000
1315
463856468002
6
463856468007
32
463856468008
3
463856468009
2
463856468012
23
463856468013
26
463856468014
21
463856468015
1
463856468018
2
463856468019
1
463856468026
34
463856468065
1007
463856468066
17
463856468067
7
463856468068
524
463856468069
2587
463856468070
43
463856468071
301
463856468072
8
463856468073
1613
463856468074
31
463856468075
66
463856468076
995
463856468077
154
463856468078
24
463856468079
1133
463856468080
25
463856468081
1
463856468082
15
463856468083
1971
463856468084
381
463856468085
238
463856468086
72
463856468087
3
463856468089
63
463856468090
1
468151419553
15
468151419556
37
468151419557
4
468151419558
422
468151419560
1
468151419561
21
468151419563
2
468151419565
7
468151419571
54
468151419572
29
468151419573
2
468151419574
3
468151419576
106
468151419580
1
468151419777
2
468151419781
1
468151419795
1
468151419801
5
468151419819
5
468151420049
1
468151420079
1
468151435296
1007
468151435298
1
468151435302
2
468151435305
2
468151435308
48
468151435309
10
468151435310
4
468151435311
1
468151435322
2
468151435323
1
468151435361
949
468151435362
115
468151435364
10
468151435365
2216
468151435366
182
468151435367
60
468151435368
370
468151435369
861
468151435371
5
468151435372
113
468151435373
443
468151435374
38
468151435375
198
468151435376
186
468151435378
96
468151435379
517
468151435380
128
468151435381
112
468151435382
5
468151435383
1
468151435385
122
472446386849
5
472446386852
10
472446386853
102
472446386854
138
472446386857
47
472446386861
1
472446386867
1
472446386870
3
472446386872
36
472446386876
1
472446387073
8
472446387095
10
472446387099
6
472446387115
1
472446387330
1
472446387345
1
472446387377
1
472446402592
2993
472446402594
31
472446402600
1
472446402601
40
472446402604
136
472446402605
23
472446402606
21
472446402607
9
472446402611
1
472446402613
1
472446402614
2
472446402618
2
472446402619
3
472446402657
530
472446402658
66
472446402659
179
472446402660
3692
472446402661
2815
472446402662
136
472446402663
1489
472446402664
105
472446402665
1851
472446402666
8
472446402667
226
472446402668
109
472446402669
83
472446402670
1197
472446402671
225
472446402672
21
472446402673
3
472446402674
24
472446402675
1174
472446402676
891
472446402677
180
472446402678
97
472446402679
3
472446402681
89
472446402682
18
476741354145
43
476741354148
14
476741354149
46
476741354150
144
476741354151
6
476741354153
40
476741354157
131
476741354163
5
476741354166
2
476741354168
37
476741354170
1
476741354173
14
476741354369
3
476741354381
9
476741354391
12
476741354393
15
476741354395
2
476741354411
2
476741354641
3
476741354684
51
476741354686
9
476741369888
429
476741369890
17
476741369897
11
476741369900
15
476741369901
60
476741369902
1
476741369903
24
476741369953
9
476741369954
120
476741369955
194
476741369956
329
476741369957
60
476741369958
254
476741369959
1901
476741369960
11
476741369961
21
476741369962
64
476741369963
198
476741369964
1259
476741369965
2062
476741369966
1006
476741369967
80
476741369968
384
476741369969
1
476741369970
2514
476741369971
220
476741369972
165
476741369973
131
476741369974
460
476741369975
34
476741369976
2
476741369977
20
476741369978
26
481036321677
1
481036321697
21
481036321699
25
481036321719
1
481036321922
9
481036321924
8
481036321945
2
481036321953
16
481036321980
6
481036321982
1
481036324271
3
481036324274
1
481036324275
25
481036324276
6
481036324280
1
481036324282
2
481036324283
28
481036324284
7
481036324480
3
481036324481
1
481036324482
3
481036324485
8
481036324487
3
481036324488
1
481036337184
21
481036337193
2
481036337198
1
481036337199
5
481036337249
272
481036337250
9
481036337252
11
481036337253
675
481036337254
76
481036337255
12
481036337256
46
481036337257
143
481036337260
609
481036337262
24
481036337263
322
481036337264
125
481036337266
524
481036337267
93
481036337268
42
481036337269
190
485331288740
13
485331288741
771
485331288742
59
485331288745
37
485331288749
2
485331288755
1
485331288756
4
485331288757
1
485331288760
1
485331288762
2
485331288961
1
485331288979
2
485331289218
1
485331289241
1
485331289249
1
485331304480
1
485331304545
1
485331304563
2
485331304565
132
485331304567
1
489626271776
5552
489626271778
57
489626271783
1
489626271784
18
489626271785
46
489626271788
646
489626271789
27
489626271790
63
489626271791
34
489626271794
1
489626271802
8
489626271803
4
489626271841
1234
489626271842
191
489626271843
258
489626271844
323
489626271845
2847
489626271846
119
489626271847
449
489626271848
584
489626271849
1324
489626271850
10
489626271851
825
489626271852
278
489626271853
370
489626271854
348
489626271855
736
489626271856
46
489626271857
24
489626271858
81
489626271859
1044
489626271860
1019
489626271861
666
489626271862
655
489626271863
13
489626271865
126
489626271866
68
493921223329
12
493921223332
8
493921223333
127
493921223334
181
493921223337
15
493921223338
1
493921223341
5
493921223347
3
493921223350
4
493921223352
148
493921223354
1
493921223356
17
493921223553
1
493921223571
1
493921223577
1
493921223585
12
493921223587
7
493921223595
4
493921223851
1
493921223855
1
493921223870
1
493921239072
1858
493921239074
22
493921239081
19
493921239084
99
493921239085
106
493921239086
50
493921239087
13
493921239093
1
493921239094
1
493921239098
1
493921239099
3
493921239137
713
493921239138
386
493921239139
319
493921239140
20
493921239141
2678
493921239142
164
493921239143
20
493921239144
59
493921239145
1048
493921239146
24
493921239147
1582
493921239148
372
493921239149
261
493921239150
180
493921239151
1100
493921239152
479
493921239154
40
493921239155
930
493921239156
3544
493921239157
418
493921239158
318
493921239159
8
493921239161
365
493921239162
117
498216190625
1
498216190627
1
498216190628
4
498216190629
110
498216190630
127
498216190633
6
498216190637
2
498216190648
110
498216190652
3
498216190849
4
498216191106
1
498216206368
3682
498216206370
40
498216206376
21
498216206377
33
498216206380
222
498216206381
20
498216206382
23
498216206383
25
498216206386
1
498216206387
1
498216206388
4
498216206389
1
498216206390
1
498216206394
12
498216206395
11
498216206433
1445
498216206434
10
498216206435
5
498216206436
8
498216206437
4435
498216206438
22
498216206439
77
498216206440
189
498216206441
2995
498216206442
108
498216206443
129
498216206444
143
498216206445
31
498216206446
142
498216206447
742
498216206448
14
498216206450
879
498216206451
592
498216206452
666
498216206453
719
498216206454
108
498216206455
22
498216206457
140
498216206458
4
502511157920
44
502511157921
14
502511157924
27
502511157925
86
502511157926
47
502511157928
3
502511157929
78
502511157933
13
502511157939
4
502511157942
1
502511157944
42
502511157946
12
502511157947
7
502511157948
4
502511158145
17
502511158149
15
502511158163
1
502511158187
1
502511158425
6
502511158443
10
502511158447
2
502511160751
1
502511173664
168
502511173666
4
502511173673
13
502511173676
17
502511173677
3
502511173679
1
502511173683
1
502511173729
118
502511173730
98
502511173731
47
502511173732
1680
502511173733
141
502511173734
15
502511173735
121
502511173736
8
502511173737
62
502511173738
8
502511173739
152
502511173740
372
502511173741
162
502511173742
1406
502511173743
56
502511173744
94
502511173746
933
502511173747
175
502511173748
470
502511173749
20
502511173750
40
502511173751
12
502511173752
40
502511173754
19
506806125215
1
506806125223
1
506806125225
4
506806125229
1
506806125233
3
506806125453
6
506806125473
1
506806125475
4
506806125698
9
506806125729
28
506806125758
4
506806140960
274
506806140962
3
506806140969
5
506806140972
124
506806140974
30
506806140986
2
506806141025
757
506806141026
17
506806141028
5
506806141029
2491
506806141030
3
506806141031
26
506806141033
1186
506806141034
6
506806141035
2
506806141036
24
506806141037
9
506806141038
195
506806141039
177
506806141041
2
506806141042
78
506806141043
345
506806141044
16
506806141045
10
506806141046
3
506806141049
41
511101092513
12
511101092516
4
511101092517
14
511101092518
247
511101092521
14
511101092525
16
511101092541
6
511101092763
10
511101093025
10
511101095345
4
511101095348
1
511101095349
4
511101095353
2
511101095556
5
511101095561
1
511101108256
27
511101108258
6
511101108268
1
511101108269
3
511101108270
3
511101108271
3
511101108321
47
511101108325
61
511101108328
3
511101108329
45
511101108331
6
511101108332
1
511101108333
1
511101108334
13
511101108335
10
511101108338
13
511101108339
5
511101108340
1
511101108343
1
511101108345
33
515396060290
4
515396075552
36
515396075561
2
515396075565
2
515396075567
1
515396075617
47
515396075619
1
515396075621
39
515396075625
16
515396075627
4
515396075632
3
519691027113
1
519691042848
196
519691042850
16
519691042857
13
519691042860
18
519691042861
1
519691042867
2
519691042875
8
519691042913
59
519691042914
2
519691042915
69
519691042916
148
519691042917
20
519691042918
11
519691042919
332
519691042920
2
519691042921
9
519691042922
2
519691042923
41
519691042924
118
519691042925
31
519691042926
304
519691042927
6
519691042928
31
519691042930
102
519691042931
179
519691042932
97
519691042934
8
519691042935
1
519691042938
3
523985994401
6
523985994413
6
523985994419
7
523985994422
2
523985994913
2
523985994940
9
523986010144
31
523986010146
1
523986010153
1
523986010156
1
523986010209
66
523986010210
3
523986010211
3
523986010212
23
523986010213
77
523986010215
1
523986010216
1
523986010217
169
523986010218
8
523986010219
25
523986010221
2
523986010222
41
523986010223
45
523986010224
6
523986010227
10
523986010228
37
523986010229
11
523986010231
2
523986010233
13
523986010234
5
528280961697
49
528280961709
2
528280961724
3
528280961921
1
528280961925
3
528280962193
2
528280962201
4
532575944736
2651
18438158623063408672
79
18438158623063408747
1
18438158623063408748
3
18446675521736540192
2
18446676586888429600
2
18446676586888429667
1
18446676586888429676
1
18446676586888429680
1
18446676591183396896
45
18446676595478364192
144
18446676595478364201
7
18446676595478364259
9
18446676595478364260
4
18446676595478364263
39
18446676595478364266
2
18446676595478364267
1
18446676595478364268
15
18446676595478364269
2
18446676595478364270
14
18446676595478364272
8
18446676595478364274
24
18446676595478364275
11
18446676595478364276
18
18446676595478364278
4
18446676595478364282
2
18446676599773316232
1
18446676599773316249
4
18446676599773316286
2
18446676604068298863
4
18446676608363266093
1
18446676608363266095
1
18446676608363266146
3
18446676608363266148
11
18446676608363266150
2
18446676608363266151
3
18446676608363266153
2
18446676608363266155
31
18446676608363266156
10
18446676608363266157
3
18446676608363266158
21
18446676608363266162
42
18446676608363266163
6
18446676608363266164
26
18446676608363266169
1
18446676612658217631
2
18446676612658217636
13
18446676612658233376
683
18446676612658233388
6
18446676612658233389
1
18446676612658233390
1
18446676612658233402
1
18446676612658233442
27
18446676612658233444
171
18446676612658233445
126
18446676612658233446
14
18446676612658233447
148
18446676612658233448
3
18446676612658233451
1
18446676612658233452
38
18446676612658233454
66
18446676612658233458
591
18446676612658233459
21
18446676612658233460
5
18446676612658233461
1
18446676612658233462
5
18446676616953200672
3
18446676616953200685
1
18446676616953200737
1
18446676616953200738
10
18446676616953200739
2
18446676616953200740
78
18446676616953200741
1
18446676616953200742
30
18446676616953200743
357
18446676616953200745
14
18446676616953200747
49
18446676616953200748
251
18446676616953200749
5
18446676616953200750
133
18446676616953200754
450
18446676616953200755
185
18446676616953200756
63
18446676616953200758
168
18446676621248168033
6
18446676625543119523
3
18446676625543135346
16
18446676625543135347
1
18446676629838102560
55
18446676629838102562
1
18446676629838102568
2
18446676629838102625
9
18446676629838102627
40
18446676629838102628
60
18446676629838102629
2
18446676629838102631
7
18446676629838102632
10
18446676629838102635
17
18446676629838102636
8
18446676629838102637
8
18446676629838102638
18
18446676629838102639
3
18446676629838102640
6
18446676629838102642
39
18446676629838102643
48
18446676629838102644
34
18446676629838102646
1
18446676629838102650
1
18446676634133054121
2
18446676634133069934
1
18446676634133069940
1
18446676634133069941
1
18446676638428037167
38
18446676638428037235
2
18446676647017971744
116
18446676647017971746
6
18446676647017971753
1
18446676647017971756
2
18446676647017971809
44
18446676647017971811
7
18446676647017971812
2
18446676647017971814
1
18446676647017971816
2
18446676647017971819
13
18446676647017971820
1
18446676647017971821
12
18446676647017971822
20
18446676647017971826
1
18446676647017971827
4
18446676647017971828
20
18446676647017971830
2
18446676647017971834
4
18446676651312939124
1
18446676664197840993
41
18446676672787775520
4
18446676672787775588
3
18446676672787775591
56
18446676672787775596
2
18446676672787775597
1
18446676672787775598
11
18446676672787775600
2
18446676672787775602
3
18446676672787775603
3
18446676672787775607
13
18446676672787775610
3
18446676677082742893
29
18446676677082742898
4
18446676681377710180
1
18446676681377710181
1
18446676681377710188
1
18446676681377710192
6
18446676685672677408
2
18446676685672677423
1
18446676685672677478
1
18446676685672677479
14
18446676685672677480
2
18446676685672677483
1
18446676685672677485
1
18446676685672677486
4
18446676685672677488
1
18446676685672677490
17
18446676685672677491
40
18446676685672677492
7
18446676685672677494
3
18446676694262612000
2
18446676694262612012
1
18446676694262612066
111
18446676694262612068
105
18446676694262612069
1
18446676694262612070
69
18446676694262612071
75
18446676694262612074
86
18446676694262612075
7
18446676694262612076
115
18446676694262612077
26
18446676694262612078
23
18446676694262612082
609
18446676694262612083
15
18446676694262612084
5
18446676694262612086
299
18446676702852546658
2
18446676702852546660
9
18446676702852546674
14
18446676702852546675
1
18446676702852546676
1
18446676702852546682
3
18446676707147513970
7
18446676711442481250
14
18446676711442481252
1
18446676711442481254
16
18446676711442481255
7
18446676711442481256
1
18446676711442481260
15
18446676711442481262
7
18446676711442481266
18
18446676711442481267
2
18446676711442481274
1
18446676715737432735
1
18446676715737448480
22
18446676715737448547
10
18446676715737448564
3
18446677557551038496
10
18446677557551038563
7
18446677557551038564
2
18446677557551038570
1
18446677557551038572
3
18446677557551038573
4
18446677557551038574
2
18446677557551038578
19
18446677557551038579
8
18446677557551038580
19
18446677561845990590
1
18446677574730907680
28
18446677574730907692
2
18446677574730907747
5
18446677574730907748
1
18446677574730907760
2
18446677574730907763
1
18446677600500711456
1
18446677600500711525
5
18446677600500711529
11
18446677600500711530
7
18446677604795663243
2
18446677609090646113
2
18446677609090646117
63
18446677609090646121
2
18446677609090646122
1
18446677609090646126
15
18446677613385597613
2
18446677634860449824
1
18446677634860449891
1
18446677634860449892
1
18446677634860449898
1
18446677634860449901
1
18446677634860449906
2
18446677639155401889
2
18446677652040319008
6
18446677652040319082
10
18446677652040319091
6
18446677660630253600
14
18446677660630253667
1
18446677660630253671
6
18446677660630253684
1
18446677669220188194
2
18446677669220188260
7
18446677669220188268
3
18446677669220188270
2
18446677669220188274
3
18446677669220188276
4
18446677673515140249
1
18446677694989991968
1
18446677694989992037
4
18446677694989992041
34
18446677703579926625
2
18446677703579926633
34
18446677703579926645
2
18446677720759795809
3
18446677720759795826
1
18446677725054747559
1
18446677737939664994
13
18446677737939664996
3
18446677737939664999
3
18446677737939665006
6
18446677737939665012
2
18446677789479272553
10
18446677810954109025
3
18446677810954109045
1
18446677819544043552
1
18446677819544043635
7
18446678661357633568
21
18446678661357633633
9
18446678661357633635
2
18446678661357633637
5
18446678661357633647
9
18446678661357633653
5
18446678661357633657
1
18446678665652585139
4
18446678669947568162
1
18446678669947568172
1
18446678669947568227
5
18446678669947568243
11
18446678687127437427
1
18446678725782143008
4
18446678725782143021
1
18446678725782143079
2
18446678725782143081
2
18446678725782143090
1
18446678725782143098
1
18446678760141881376
2
18446678760141881378
1
18446678760141881388
2
18446678760141881445
4
18446678760141881454
3
18446678760141881455
3
18446678760141881459
12
18446678764436832941
6
18446678768731816035
2
18446678768731816044
1
18446678768731816050
2
18446678794501619744
1
18446678794501619809
5
18446678794501619811
5
18446678794501619813
25
18446678794501619817
1
18446678794501619819
55
18446678794501619822
1
18446678794501619823
2
18446678794501619824
5
18446678794501619828
12
18446678798796571309
2
18446678798796571563
3
18446678798796571809
2
18446678837451292786
9
18446678837451292788
2
18446678841746244769
2
18446678854631161888
1
18446678854631161890
2
18446678854631161965
1
18446678854631161971
10
18446678863221096566
1
18446678871811031072
6
18446678901875802144
1
18446678901875802156
1
18446678901875802222
1
18446678910465736809
1
18446678910465736810
1
18446678910465736814
6
18446678910465736819
8
18446678910465736821
1
18446678910465736825
52
18446678919055671342
1
18446678919055671393
2
18446678919055671397
6
18446678919055671401
7
18446678919055671406
2
18446678919055671407
1
18446678919055671413
1
18446678919055671417
10
18446688737350909984
4
18446688741645864372
2
18446688741645864578
39
18446688741645864579
4
18446688741645864580
9
18446688745940831665
1
18446688745940831674
1
18446688745940831675
2
18446688745940831677
2
18446688745940831872
1
18446688745940831873
4
18446688745940844576
66
18446688745940844589
1
18446688750235798972
11
18446688750235799169
2
18446688750235799170
44
18446688750235799172
1
18446688750235811872
1
18446688750235811951
5
18446688754530766257
73
18446688754530766260
3
18446688754530766266
6
18446688754530766271
20
18446688754530766464
3
18446688754530766468
6
18446688754530766473
3
18446688758825746464
67
18446688758825746477
1
18446688758825746479
1
18446688758825746482
1
18446688758825746550
5
18446688763120700847
7
18446688763120700850
1
18446688763120700851
7
18446688763120700852
3
18446688763120700856
9
18446688763120700857
40
18446688763120700858
15
18446688763120700859
7
18446688763120700860
5
18446688763120700861
17
18446688763120700862
1
18446688763120701056
6
18446688763120701057
20
18446688763120701058
30
18446688763120701059
10
18446688763120701060
69
18446688763120701061
4
18446688763120701062
7
18446688767415668145
3
18446688767415668149
2
18446688767415668153
4
18446688767415668159
7
18446688767415681135
1
18446688767415681142
2
18446688771710635437
1
18446688771710635439
49
18446688771710635441
4
18446688771710635443
12
18446688771710635445
28
18446688771710635447
1
18446688771710635449
23
18446688771710635450
2
18446688771710635453
4
18446688771710635455
3
18446688771710635649
8
18446688771710635653
2
18446688771710648431
6
18446688776005602735
4
18446688776005602737
1
18446688776005602741
13
18446688776005602743
1
18446688776005602745
24
18446688776005602751
13
18446688776005602945
5
18446688776005602953
2
18446688776005615648
3
18446688776005615657
2
18446688776005615662
3
18446688776005615734
2
18446688780300570031
22
18446688780300570034
2
18446688780300570035
9
18446688780300570036
2
18446688780300570037
4
18446688780300570040
5
18446688780300570041
31
18446688780300570042
9
18446688780300570043
43
18446688780300570044
1
18446688780300570045
8
18446688780300570240
14
18446688780300570241
10
18446688780300570243
3
18446688780300570244
3
18446688780300570245
35
18446688780300570246
2
18446688780300570247
11
18446688780300570253
1
18446688784595550240
10
18446688784595550326
2
18446688788890504627
1
18446688788890504635
10
18446688788890504636
4
18446688788890504637
12
18446688788890504833
2
18446688788890504834
14
18446688788890504835
11
18446688788890504836
17
18446688788890504839
3
18446688788890517545
1
18446688788890517615
7
18446688793185471921
2
18446688793185471925
5
18446688793185471927
4
18446688793185471933
5
18446688793185471935
4
18446688793185472129
3
18446688793185472142
3
18446688793185484832
17
18446688793185484846
3
18446688793185484911
13
18446688793185484918
5
18446688797480439212
4
18446688797480439217
43
18446688797480439220
24
18446688797480439221
5
18446688797480439223
7
18446688797480439226
135
18446688797480439228
5
18446688797480439229
7
18446688797480439231
24
18446688797480439424
1
18446688797480439425
17
18446688797480439427
25
18446688797480439428
6
18446688797480439433
1
18446688797480439438
3
18446688797480452207
1
18446688801775406508
4
18446688801775406510
93
18446688801775406513
22
18446688801775406516
1
18446688801775406517
6
18446688801775406519
8
18446688801775406527
14
18446688801775406720
4
18446688801775406721
4
18446688801775406724
12
18446688801775406732
30
18446688801775406733
39
18446688801775406734
7
18446688801775419503
28
18446688806070373804
40
18446688806070373806
7
18446688806070373807
1
18446688806070373809
4
18446688806070373813
14
18446688806070373815
2
18446688806070373817
7
18446688806070373819
42
18446688806070373820
3
18446688806070373823
35
18446688806070374021
2
18446688806070374022
2
18446688806070374025
4
18446688806070374030
2
18446688806070386799
2
18446688810365341100
5
18446688810365341101
3
18446688810365341102
6
18446688810365341103
4
18446688810365341105
46
18446688810365341106
7
18446688810365341109
5
18446688810365341111
4
18446688810365341113
6
18446688810365341116
3
18446688810365341119
5
18446688810365341312
1
18446688810365341317
1
18446688810365341321
2
18446688810365341326
2
18446688810365354016
37
18446688810365354030
1
18446688810365354031
1
18446688810365354095
6
18446688814660308399
3
18446688814660308401
10
18446688814660308404
1
18446688814660308405
13
18446688814660308407
1
18446688814660308409
24
18446688814660308415
34
18446688814660308612
12
18446688814660308617
9
18446688814660308622
5
18446688818955275705
1
18446688818955288608
34
18446688818955288621
2
18446688823250242991
2
18446688823250242993
1
18446688823250242994
1
18446688823250242995
32
18446688823250242996
16
18446688823250243000
1
18446688823250243001
18
18446688823250243002
5
18446688823250243003
40
18446688823250243004
5
18446688823250243005
19
18446688823250243200
10
18446688823250243201
6
18446688823250243202
55
18446688823250243203
16
18446688823250243204
4
18446688823250243205
36
18446688823250243206
2
18446688823250243207
2
18446688823250243208
1
18446688823250243213
16
18446689647883976745
1
18446689647883976815
1
18446689647883976822
1
18446689652178931121
26
18446689652178931125
5
18446689652178931128
1
18446689652178931129
19
18446689652178931131
6
18446689652178931133
1
18446689652178931135
24
18446689652178931329
49
18446689652178931332
15
18446689652178931333
2
18446689652178931340
1
18446689652178944111
14
18446689656473898413
1
18446689656473898417
17
18446689656473898419
30
18446689656473898420
2
18446689656473898421
4
18446689656473898423
6
18446689656473898424
4
18446689656473898425
51
18446689656473898428
5
18446689656473898431
67
18446689656473898629
4
18446689656473898631
12
18446689656473898633
2
18446689656473898636
9
18446689656473898637
2
18446689656473898638
3
18446689656473911328
185
18446689656473911330
2
18446689656473911340
2
18446689665063833006
1
18446689665063833007
2
18446689665063833009
3
18446689665063833015
23
18446689665063833016
2
18446689665063833017
7
18446689665063833018
6
18446689665063833023
4
18446689665063833219
3
18446689665063833220
33
18446689665063833221
7
18446689665063833223
9
18446689665063833225
1
18446689665063833228
1
18446689665063845934
3
18446689665063845999
8
18446689669358800300
2
18446689669358800301
6
18446689669358800302
10
18446689669358800303
7
18446689669358800305
14
18446689669358800309
21
18446689669358800311
26
18446689669358800313
51
18446689669358800315
5
18446689669358800316
6
18446689669358800319
35
18446689669358800513
53
18446689669358800515
1
18446689669358800517
13
18446689669358800521
6
18446689669358800524
3
18446689669358813216
15
18446689669358813228
2
18446689669358813302
1
18446689673653767603
10
18446689673653767612
18
18446689673653767613
2
18446689673653767808
9
18446689673653767809
35
18446689673653767811
2
18446689673653767812
28
18446689673653767815
19
18446689677948734894
5
18446689677948734897
3
18446689677948734904
2
18446689677948735105
4
18446689677948735109
4
18446689677948735118
2
18446689677948747887
2
18446689682243702191
15
18446689682243702193
3
18446689682243702197
17
18446689682243702201
16
18446689682243702205
10
18446689682243702207
10
18446689682243702414
1
18446689686538669701
6
18446689686538682486
1
18446689690833636796
5
18446689690833636797
17
18446689690833636992
1
18446689690833636995
3
18446689690833636996
6
18446689699423584288
19
18446689703718538674
1
18446689703718538675
1
18446689703718538684
3
18446689703718538685
9
18446689703718538882
4
18446689703718538884
7
18446689703718551584
6
18446689708013505979
7
18446689708013505980
2
18446689708013506176
39
18446689708013506177
1
18446689708013506180
1
18446689708013506183
2
18446689708013518966
1
18446689712308473268
1
18446689712308473271
2
18446689712308473277
17
18446689712308473279
1
18446689712308473473
6
