2264
137438953506
153
137438953511
1
137438953512
500
137438953515
1
137438953517
23
137438953519
1
137438953520
1
137438953521
828
137438953522
449
137438953523
191
137438953524
129
137438953525
217
137438953526
51
137438953527
53
137438953528
47
137438953529
13
137438953563
49
137438953569
4247
137438953570
2260
137438953571
410
137438953572
6148
137438953573
2470
137438953574
1424
137438953575
1080
137438953576
667
137438953577
1948
137438953578
465
137438953579
942
137438953580
380
137438953581
1794
137438953582
819
137438953583
951
137438953584
1040
137438953585
54
137438953586
699
137438953587
2053
137438953588
874
137438953589
2019
137438953590
1865
137438953591
818
137438953592
1
137438953593
52
137438953594
1001
137438953596
2652
141731921812
132
141733905057
7
141733905060
59
141733905061
1
141733905065
14
141733905077
6
141733905078
27
141733905080
2
141733905082
1
141733905084
179
141733905281
6
141733905291
5
141733905293
5
141733905313
3
141733905315
2
141733905335
6
141733905538
3
141733905561
2
141733905563
3
141733905569
37
141733905598
2
141733907884
3
141733907886
3
141733907889
41
141733907890
3
141733907891
11
141733907892
7
141733907893
38
141733907895
1
141733907896
9
141733907897
18
141733907898
22
141733907899
1
141733907900
17
141733907901
25
141733907903
23
141733908096
49
141733908097
3
141733908099
23
141733908100
28
141733908101
13
141733908102
7
141733908103
13
141733908104
4
141733908105
2
146028888096
126
146028888105
45
146028888108
9
146028888109
8
146028888122
1
146028888161
38
146028888162
13
146028888163
3
146028888164
37
146028888165
8
146028888166
12
146028888167
4
146028888168
10
146028888169
5
146028888171
15
146028888172
13
146028888173
48
146028888174
10
146028888175
11
146028888176
17
146028888178
9
146028888179
19
146028888180
5
146028888181
11
146028888182
16
146028888183
1
146028888186
4
150321856404
2
150323839657
1
150323839674
1
150323839885
2
150323842495
1
150323842692
1
163208757363
2
167503724576
16
167503724641
15
167503724645
50
167503724648
1
167503724649
6
167503724655
3
167503724659
1
167503724661
1
171798676137
6
171798678961
1
171798691874
148
171798691885
10
171798691889
56
171798691890
53
171798691891
39
171798691892
18
171798691893
11
171798691894
5
171798691895
2
171798691896
1
171798691897
1
171798691937
75
171798691938
36
171798691939
3
171798691940
24
171798691941
21
171798691942
19
171798691943
10
171798691944
6
171798691945
49
171798691946
1
171798691948
11
171798691949
22
171798691950
14
171798691951
6
171798691952
12
171798691954
17
171798691955
26
171798691956
9
171798691957
6
171798691958
21
171798691959
3
171798691961
2
171798691962
3
176093643428
2
176093643432
10
176093643433
2
176093643452
1
176093646257
1
176093646261
1
176093646266
1
176093646468
4
176093659168
677
176093659170
9
176093659176
1
176093659177
4
176093659180
37
176093659182
5
176093659183
11
176093659186
1
176093659194
4
176093659195
2
176093659233
4
176093659234
2
176093659235
1
176093659236
40
176093659237
5
176093659240
1
176093659241
1
176093659244
2
176093659245
1
176093659248
1
176093659252
4
176093659253
1
176093659254
14
184683593760
1
188978561056
2133
188978561074
1
188978561075
1
193273515651
1
193273528352
604
193273528360
1
193273528361
1
193273528364
22
193273528365
336
193273528367
1
193273528369
16
193273528370
2
193273528372
1
193273528417
23
193273528418
10
193273528419
3
193273528420
11
193273528421
11
193273528422
21
193273528423
14
193273528424
8
193273528425
25
193273528426
4
193273528427
9
193273528428
13
193273528429
7
193273528430
5
193273528431
13
193273528432
13
193273528433
2
193273528434
10
193273528435
16
193273528436
20
193273528437
4
193273528438
9
193273528439
3
197566496660
1
197568479905
1
197568479913
1
197568479932
2
197568480161
1
197568480167
1
197568482739
2
197568482944
1
197568495648
888
197568495650
8
197568495657
39
197568495660
61
197568495661
5
197568495665
105
197568495666
120
197568495667
54
197568495668
26
197568495669
19
197568495670
19
197568495671
18
197568495672
3
197568495673
2
197568495674
2
197568495713
32
197568495714
7
197568495715
10
197568495716
37
197568495717
17
197568495718
4
197568495719
1
197568495720
7
197568495721
10
197568495723
8
197568495724
1
197568495725
11
197568495726
2
197568495727
2
197568495728
1
197568495730
6
197568495731
9
197568495732
13
197568495733
24
197568495734
14
197568495738
3
201863447201
1
201863447222
1
201863450037
3
201863450041
3
201863450042
2
201863450044
1
201863450045
2
201863450240
10
201863450244
2
201863450245
4
201863462944
26
201863462957
3
201863462961
56
201863462962
29
201863462963
23
201863462964
26
201863462965
7
201863462966
5
201863462967
1
201863462969
2
201863463009
27
201863463010
77
201863463011
3
201863463012
31
201863463013
88
201863463014
40
201863463015
6
201863463016
24
201863463017
7
201863463019
13
201863463020
13
201863463021
13
201863463022
5
201863463023
16
201863463024
14
201863463026
5
201863463027
9
201863463028
9
201863463029
4
201863463030
6
201863463033
2
201863463034
2
206158414518
2
206158417338
1
206158417340
1
206158430240
106
206158430249
9
206158430252
10
206158430253
3
206158430254
39
206158430255
12
206158430256
238
206158430257
18
206158430258
17
206158430259
18
206158430260
125
206158430261
11
206158430262
14
206158430263
17
206158430264
3
206158430265
2
206158430266
1
206158430301
6
206158430305
1
206158430306
1
210453397536
148
210453397545
52
210453397548
10
210453397549
5
210453397550
397
210453397551
15
210453397552
29
210453397553
35
210453397554
38
210453397555
36
210453397556
27
210453397557
27
210453397558
18
210453397559
18
210453397560
23
210453397561
432
210453397562
1
210453397563
1
210453397597
14
214748364832
125
214748364841
49
214748364844
5
214748364845
3
214748364846
202
214748364847
20
214748364848
264
214748364849
29
214748364850
14
214748364851
47
214748364852
35
214748364853
23
214748364854
7
214748364855
13
214748364856
35
214748364857
16
214748364858
2
214748364893
11
219043332128
124
219043332137
34
219043332140
14
219043332141
1
219043332142
122
219043332143
12
219043332144
19
219043332145
51
219043332146
10
219043332147
19
219043332148
24
219043332149
18
219043332150
41
219043332151
20
219043332152
24
219043332153
17
219043332154
2
219043332189
10
223338299424
263
223338299433
20
223338299436
15
223338299438
65
223338299439
18
223338299440
26
223338299441
9
223338299442
9
223338299443
14
223338299444
13
223338299445
18
223338299446
19
223338299447
9
223338299448
13
223338299449
6
223338299450
6
223338299485
10
227633266720
95
227633266729
16
227633266732
19
227633266734
203
227633266735
21
227633266736
12
227633266737
16
227633266738
11
227633266739
9
227633266740
8
227633266741
12
227633266742
11
227633266743
3
227633266744
23
227633266745
8
227633266781
10
231928234016
87
231928234025
12
231928234028
3
231928234030
44
231928234031
22
231928234032
9
231928234033
10
231928234034
5
231928234035
3
231928234036
16
231928234037
3
231928234038
4
231928234039
3
231928234040
25
231928234041
13
231928234042
2
231928234077
8
236223201312
65
236223201321
7
236223201324
13
236223201325
1
236223201326
33
236223201327
30
236223201328
10
236223201329
19
236223201330
4
236223201331
5
236223201332
1
236223201333
15
236223201334
27
236223201335
21
236223201336
19
236223201337
10
236223201373
6
240518168608
82
240518168617
5
240518168620
14
240518168621
1
240518168622
40
240518168623
53
240518168624
36
240518168625
12
240518168626
14
240518168627
17
240518168628
14
240518168629
33
240518168630
15
240518168631
26
240518168632
30
240518168633
21
240518168634
2
240518168669
6
244813135904
70
244813135913
5
244813135916
4
244813135917
3
244813135918
15
244813135919
28
244813135920
8
244813135921
14
244813135922
15
244813135923
10
244813135924
57
244813135925
42
244813135926
25
244813135927
76
244813135928
164
244813135929
168
244813135930
1
244813135965
6
249108103200
149
249108103202
1
249108103268
1
253403070496
91
253403070581
16
261993005088
2
390842023985
44
390842023986
20
390842023987
4
390842023988
4
390842023989
4
390842023990
4
390842023991
4
390842023992
4
390842023993
4
390842024033
2
390842024052
2
399431958560
70
399431958569
1
399431958572
10
399431958574
1
399431958645
1
412316860448
6
416611827744
1546
416611827746
47
416611827751
16
416611827753
63
416611827756
54
416611827757
9
416611827758
11
416611827759
40
416611827762
5
416611827770
1
416611827771
11
416611827808
6
416611827809
531
416611827810
701
416611827811
927
416611827812
258
416611827813
37
416611827814
165
416611827815
394
416611827816
739
416611827817
177
416611827818
8
416611827819
359
416611827820
1518
416611827821
462
416611827822
2740
416611827823
2
416611827824
159
416611827825
2
416611827826
1807
416611827827
821
416611827828
1754
416611827829
2411
416611827830
112
416611827831
14
416611827832
61
416611827833
2
416611827834
60
420906779295
45
420906779303
2
420906779309
1
420906779310
1
420906779313
38
420906779322
9
420906779531
3
420906779533
4
420906779559
2
420906779580
2
420906779778
26
420906779780
5
420906779801
13
420906779803
2
420906779809
3
420906779834
1
420906779838
10
420906795040
71
420906795042
1
420906795049
46
420906795052
7
420906795053
2
420906795054
16
420906795105
350
420906795106
10
420906795107
4
420906795108
6
420906795109
3023
420906795110
5
420906795111
73
420906795112
25
420906795113
1206
420906795114
8
420906795115
6
420906795116
173
420906795117
1
420906795118
28
420906795119
145
420906795122
137
420906795123
340
420906795124
78
420906795125
223
420906795126
6
420906795127
13
420906795129
19
420906795130
44
425201746593
2
425201746596
20
425201746601
9
425201746605
1
425201746616
2
425201746620
13
425201746817
6
425201746835
2
425201747089
1
425201762336
36
425201762345
31
425201762348
4
425201762349
16
425201762350
9
425201762351
1
425201762358
1
425201762397
1
425201762401
242
425201762403
21
425201762404
1
425201762405
158
425201762408
6251
425201762409
433
425201762410
15
425201762411
131
425201762412
34
425201762413
4
425201762414
40
425201762415
204
425201762418
19
425201762419
16
425201762420
194
425201762421
68
425201762422
1
425201762423
3
425201762425
14
425201762426
40
429496713897
2
429496713898
1
429496713901
17
429496714155
10
429496714370
2
429496729632
1870
429496729634
10
429496729639
51
429496729641
22
429496729644
115
429496729645
16
429496729646
24
429496729647
11
429496729659
11
429496729693
1
429496729697
760
429496729698
19
429496729699
2
429496729700
6
429496729701
5858
429496729702
4
429496729703
2
429496729704
72
429496729705
3256
429496729706
9
429496729707
5
429496729708
54
429496729709
9
429496729710
53
429496729711
281
429496729712
10
429496729714
159
429496729715
475
429496729716
25
429496729717
1204
429496729718
6
429496729719
30
429496729721
46
429496729722
47
433791681185
1
433791681188
15
433791681193
5
433791681197
2
433791681203
4
433791681212
14
433791681421
7
433791681427
2
433791681435
4
433791681451
1
433791681681
1
433791681711
10
433791681722
2
433791696928
6129
433791696930
35
433791696936
14
433791696937
63
433791696940
210
433791696941
32
433791696942
7
433791696943
85
433791696946
5
433791696947
2
433791696948
1
433791696949
1
433791696950
1
433791696954
10
433791696955
9
433791696993
161
433791696994
376
433791696995
918
433791696996
1135
433791696997
184
433791696998
408
433791696999
692
433791697000
562
433791697001
4367
433791697002
23
433791697003
593
433791697004
1602
433791697005
1301
433791697006
8902
433791697007
62
433791697008
125
433791697009
4
433791697010
9231
433791697011
3357
433791697012
970
433791697013
515
433791697014
80
433791697015
188
433791697016
78
433791697017
13
433791697018
341
438086648479
143
438086648481
3
438086648484
34
438086648485
2
438086648493
1
438086648508
39
438086648715
6
438086648717
5
438086648737
1
438086648766
8
438086648993
1
438086649020
2
438086651323
2
438086664224
456
438086664226
2
438086664233
10
438086664236
7
438086664237
1
438086664238
1
438086664289
714
438086664290
8
438086664293
540
438086664294
321
438086664295
117
438086664296
3
438086664297
356
438086664298
28
438086664299
2
438086664300
338
438086664301
6
438086664302
126
438086664303
403
438086664306
152
438086664307
436
438086664308
301
438086664309
176
438086664310
3
438086664311
2
438086664313
14
438086664314
3
442381615780
147
442381615789
2
442381615798
22
442381615800
5
442381615802
2
442381615804
780
442381616273
2
442381631520
2156
442381631522
8
442381631529
23
442381631532
161
442381631533
3
442381631534
36
442381631535
2
442381631546
78
442381631547
3
442381631585
269
442381631586
9
442381631588
83
442381631589
3561
442381631590
9
442381631591
5
442381631592
7
442381631593
1060
442381631595
320
442381631596
611
442381631597
1
442381631598
174
442381631599
111
442381631600
7
442381631602
327
442381631603
708
442381631604
247
442381631605
291
442381631606
1
442381631607
3
442381631609
141
442381631610
7
446676583073
1
446676583076
71
446676583081
19
446676583085
37
446676583091
3
446676583094
2
446676583100
27
446676583335
1
446676583554
1
446676583585
1
446676583595
2
446676598816
785
446676598818
1
446676598825
8
446676598828
13
446676598829
22
446676598830
19
446676598843
4
446676598881
754
446676598882
55
446676598884
11
446676598885
2316
446676598886
19
446676598887
35
446676598888
9
446676598889
944
446676598890
3
446676598891
42
446676598892
398
446676598893
256
446676598894
632
446676598895
321
446676598896
4
446676598898
1194
446676598899
203
446676598900
795
446676598901
373
446676598902
7
446676598903
392
446676598905
52
446676598906
36
450971550369
2
450971550372
155
450971550373
1
450971550374
1
450971550377
15
450971550390
209
450971550392
3
450971550396
19
450971550397
2
450971550593
2
450971566112
665
450971566114
2
450971566121
54
450971566124
10
450971566125
10
450971566126
6
450971566127
44
450971566139
1
450971566177
739
450971566178
43
450971566179
2258
450971566180
159
450971566181
4527
450971566182
351
450971566183
1440
450971566184
144
450971566185
120
450971566186
407
450971566187
663
450971566188
1280
450971566189
409
450971566190
4932
450971566191
716
450971566192
324
450971566193
80
450971566194
531
450971566195
2313
450971566196
2961
450971566197
57
450971566198
411
450971566199
13
450971566200
1
450971566202
226
455266517663
4
455266517664
1
455266517665
14
455266517668
3
455266517672
3
455266517673
4
455266517674
1
455266517675
38
455266517677
1
455266517683
15
455266517692
1
455266517899
10
455266517901
9
455266517913
1
455266517943
3
455266518148
2
455266518177
5
455266518195
3
455266518204
1
455266520497
10
455266533408
15
455266533417
4
455266533422
1
455266533473
641
455266533476
1
455266533477
125
455266533478
1
455266533481
18
455266533483
8
455266533486
35
455266533487
50
455266533491
17
455266533493
78
455266533494
6
455266533498
2
459561484964
213
459561484966
1
459561484982
1
459561484986
1
459561485185
2
459561485189
18
459561500704
148
459561500706
19
459561500713
9
459561500716
12
459561500717
7
459561500718
1
459561500719
3
459561500730
1
459561500769
623
459561500771
3
459561500772
19
459561500773
1263
459561500774
1
459561500775
3
459561500776
24
459561500777
222
459561500778
1
459561500779
14
459561500780
140
459561500781
2
459561500782
8
459561500783
440
459561500784
1
459561500786
293
459561500787
76
459561500788
707
459561500789
410
459561500790
22
459561500791
6
459561500793
1
459561500794
1
463856452257
122
463856452260
14
463856452265
17
463856452278
74
463856452280
2
463856452284
24
463856452285
13
463856452481
24
463856452485
2
463856452493
1
463856452540
2
463856452769
9
463856452787
3
463856455300
1
463856468000
622
463856468002
2
463856468007
32
463856468008
3
463856468009
4
463856468012
11
463856468013
79
463856468014
39
463856468015
1
463856468018
2
463856468019
1
463856468065
937
463856468066
132
463856468067
30
463856468068
961
463856468069
1556
463856468070
41
463856468071
398
463856468072
15
463856468073
2278
463856468074
20
463856468075
61
463856468076
1081
463856468077
53
463856468078
109
463856468079
1119
463856468080
10
463856468081
1
463856468082
6
463856468083
402
463856468084
673
463856468085
339
463856468086
49
463856468087
17
463856468089
20
463856468090
68
468151419553
15
468151419556
78
468151419558
14
468151419560
1
468151419561
21
468151419563
2
468151419565
7
468151419571
54
468151419572
30
468151419573
2
468151419574
6
468151419580
13
468151419777
2
468151419781
1
468151419795
1
468151419801
5
468151419819
5
468151420049
1
468151420079
1
468151435296
1187
468151435302
2
468151435305
3
468151435308
13
468151435309
12
468151435310
3
468151435311
1
468151435322
3
468151435323
1
468151435361
903
468151435362
120
468151435364
14
468151435365
1517
468151435366
75
468151435367
11
468151435368
1
468151435369
1474
468151435371
3
468151435372
6
468151435373
447
468151435374
22
468151435375
156
468151435376
65
468151435378
5
468151435379
78
468151435380
133
468151435381
166
468151435382
4
468151435383
7
468151435385
3
468151435386
6
472446386849
5
472446386852
119
472446386857
48
472446386861
1
472446386867
1
472446386870
50
472446386876
25
472446387073
8
472446387095
10
472446387099
6
472446387115
1
472446387330
1
472446387345
1
472446387377
1
472446402592
7183
472446402594
12
472446402600
3
472446402601
56
472446402604
655
472446402605
43
472446402606
82
472446402607
15
472446402611
1
472446402613
1
472446402614
2
472446402618
19
472446402619
15
472446402657
1263
472446402658
58
472446402659
107
472446402660
3675
472446402661
2697
472446402662
279
472446402663
3654
472446402664
237
472446402665
1978
472446402666
27
472446402667
344
472446402668
87
472446402669
92
472446402670
663
472446402671
211
472446402672
153
472446402673
3
472446402674
85
472446402675
1160
472446402676
1421
472446402677
586
472446402678
29
472446402679
67
472446402681
38
472446402682
132
476741354145
43
476741354148
64
476741354150
5
476741354151
6
476741354153
40
476741354157
132
476741354163
5
476741354166
3
476741354170
1
476741354172
18
476741354173
14
476741354369
3
476741354381
9
476741354391
12
476741354393
15
476741354395
2
476741354411
2
476741354641
3
476741354684
50
476741354686
9
476741369888
417
476741369890
16
476741369897
5
476741369900
9
476741369901
55
476741369903
24
476741369953
9
476741369954
133
476741369955
259
476741369956
532
476741369957
53
476741369958
298
476741369959
659
476741369960
75
476741369961
20
476741369962
54
476741369963
161
476741369964
1226
476741369965
759
476741369966
1614
476741369967
87
476741369968
204
476741369969
1
476741369970
1380
476741369971
243
476741369972
199
476741369973
115
476741369974
185
476741369975
160
476741369976
4
476741369977
20
476741369978
57
481036321439
14
481036321677
1
481036321697
21
481036321699
25
481036321719
1
481036321922
9
481036321924
8
481036321945
2
481036321953
16
481036321980
6
481036321982
1
481036324271
3
481036324274
1
481036324275
25
481036324276
6
481036324280
1
481036324282
2
481036324283
28
481036324284
7
481036324480
3
481036324481
1
481036324482
3
481036324485
8
481036324487
3
481036324488
1
481036337184
13
481036337198
1
481036337199
5
481036337249
246
481036337252
1
481036337253
462
481036337254
226
481036337256
74
481036337257
153
481036337260
437
481036337262
9
481036337263
325
481036337264
69
481036337266
569
481036337267
85
481036337268
56
481036337269
125
485331288740
82
485331288742
4
485331288745
38
485331288749
2
485331288755
1
485331288756
4
485331288757
1
485331288762
2
485331288961
1
485331288979
2
485331289218
1
485331289241
1
485331289249
1
485331304480
1
485331304545
1
485331304563
2
485331304565
219
485331304567
1
489626271776
4768
489626271778
36
489626271784
22
489626271785
30
489626271788
95
489626271789
33
489626271790
34
489626271791
30
489626271794
2
489626271802
8
489626271803
3
489626271841
1459
489626271842
422
489626271843
616
489626271844
799
489626271845
2265
489626271846
316
489626271847
514
489626271848
147
489626271849
1426
489626271850
37
489626271851
426
489626271852
344
489626271853
282
489626271854
291
489626271855
675
489626271856
62
489626271857
24
489626271858
123
489626271859
1065
489626271860
1133
489626271861
1327
489626271862
60
489626271863
212
489626271865
117
489626271866
468
493921223329
12
493921223332
76
493921223333
2
493921223337
15
493921223338
1
493921223341
5
493921223347
3
493921223350
13
493921223352
1
493921223354
1
493921223356
253
493921223553
1
493921223571
1
493921223577
1
493921223585
12
493921223587
7
493921223595
5
493921223851
1
493921223855
1
493921223870
1
493921239072
2899
493921239074
24
493921239080
4
493921239081
29
493921239084
179
493921239085
86
493921239086
41
493921239087
20
493921239093
1
493921239094
1
493921239098
2
493921239099
3
493921239137
582
493921239138
925
493921239139
2003
493921239140
21
493921239141
1746
493921239142
30
493921239143
346
493921239144
61
493921239145
1074
493921239146
43
493921239147
362
493921239148
205
493921239149
123
493921239150
240
493921239151
687
493921239152
416
493921239153
50
493921239154
58
493921239155
1052
493921239156
3756
493921239157
287
493921239158
119
493921239159
43
493921239161
129
493921239162
218
498216190625
1
498216190627
1
498216190628
68
498216190633
6
498216190637
2
498216190646
8
498216190648
2
498216190652
118
498216190849
4
498216191106
1
498216206368
2364
498216206370
32
498216206376
25
498216206377
33
498216206380
295
498216206381
26
498216206382
52
498216206383
23
498216206386
1
498216206387
1
498216206388
4
498216206389
1
498216206390
1
498216206394
4
498216206395
33
498216206433
1291
498216206434
37
498216206435
4
498216206436
89
498216206437
4967
498216206438
34
498216206439
461
498216206440
306
498216206441
1974
498216206442
28
498216206443
29
498216206444
533
498216206445
30
498216206446
129
498216206447
587
498216206448
39
498216206450
824
498216206451
784
498216206452
263
498216206453
1042
498216206454
96
498216206455
130
498216206457
77
498216206458
384
502511157920
44
502511157921
14
502511157924
619
502511157925
4
502511157926
1
502511157928
3
502511157929
77
502511157933
13
502511157939
4
502511157942
3
502511157944
1
502511157946
12
502511157947
7
502511157948
23
502511158145
19
502511158149
15
502511158163
1
502511158187
1
502511158425
6
502511158443
11
502511158447
2
502511160751
1
502511173664
322
502511173666
11
502511173673
10
502511173676
7
502511173677
3
502511173678
2
502511173679
1
502511173683
1
502511173729
214
502511173730
106
502511173731
151
502511173732
154
502511173733
244
502511173734
1125
502511173735
335
502511173736
26
502511173737
99
502511173738
8
502511173739
102
502511173740
478
502511173741
414
502511173742
5390
502511173743
57
502511173744
107
502511173746
1282
502511173747
1760
502511173748
356
502511173749
24
502511173750
50
502511173751
23
502511173752
40
502511173754
21
506806125215
22
506806125223
1
506806125225
4
506806125229
1
506806125233
3
506806125244
16
506806125453
6
506806125473
1
506806125475
4
506806125698
9
506806125729
28
506806125758
4
506806140960
118
506806140962
1
506806140969
5
506806140972
1
506806140974
13
506806140986
1
506806140987
1
506806141025
228
506806141026
11
506806141028
3
506806141029
1214
506806141033
218
506806141034
4
506806141035
1
506806141036
13
506806141037
9
506806141038
32
506806141039
1217
506806141041
2
506806141042
7
506806141043
7
506806141044
4
506806141045
2
506806141046
2
506806141049
41
511101092513
12
511101092516
4
511101092517
11
511101092518
1
511101092521
14
511101092525
16
511101092541
6
511101092763
10
511101093025
10
511101095345
4
511101095348
1
511101095349
4
511101095353
2
511101095556
5
511101095561
1
511101108256
27
511101108258
3
511101108269
4
511101108270
40
511101108271
3
511101108321
209
511101108325
1164
511101108327
56
511101108328
3
511101108329
415
511101108330
2
511101108331
6
511101108332
1
511101108333
1
511101108334
13
511101108335
191
511101108338
12
511101108339
3
511101108340
1
511101108341
62
511101108343
1
511101108345
33
515396059812
68
515396059830
12
515396059836
6
515396060290
4
515396075552
4
515396075561
2
515396075565
1
515396075567
1
515396075617
56
515396075619
2
515396075621
40
515396075625
61
515396075627
3
515396075632
3
515396075636
11
515396075637
1
519691027113
1
519691042848
199
519691042850
16
519691042857
13
519691042860
17
519691042867
2
519691042875
9
519691042913
59
519691042914
2
519691042915
81
519691042916
39
519691042917
10
519691042919
40
519691042920
2
519691042921
7
519691042922
2
519691042923
14
519691042924
27
519691042925
17
519691042926
84
519691042927
6
519691042928
19
519691042930
23
519691042931
142
519691042932
50
519691042934
1
519691042935
1
519691042938
3
523985994401
6
523985994413
6
523985994419
7
523985994422
2
523985994913
2
523985994940
9
523986010144
218
523986010146
1
523986010153
2
523986010156
2
523986010157
3
523986010158
2
523986010209
172
523986010210
7
523986010211
3
523986010212
23
523986010213
722
523986010215
2
523986010216
1
523986010217
430
523986010218
8
523986010219
25
523986010220
35
523986010221
4
523986010222
59
523986010223
63
523986010224
9
523986010226
1
523986010227
15
523986010228
353
523986010229
745
523986010230
1
523986010231
177
523986010233
17
523986010234
5
528280961697
49
528280961700
6
528280961709
2
528280961718
3
528280961724
20
528280961921
1
528280961925
3
528280962193
2
528280962201
4
532575944736
2652
18438158623063408672
130
18438158623063408684
2
18438158623063408685
1
18438158623063408747
1
18438158623063408748
3
18438158627356376980
1
18446676586888429600
68
18446676586888429612
1
18446676586888429666
2
18446676586888429667
2
18446676586888429669
54
18446676586888429671
8
18446676586888429672
9
18446676586888429673
28
18446676586888429676
73
18446676586888429678
21
18446676586888429680
3
18446676586888429683
4
18446676586888429684
49
18446676586888429687
1
18446676591183396896
45
18446676595478364192
144
18446676595478364201
7
18446676595478364259
9
18446676595478364260
4
18446676595478364263
39
18446676595478364266
2
18446676595478364267
1
18446676595478364268
15
18446676595478364269
2
18446676595478364270
14
18446676595478364272
8
18446676595478364274
24
18446676595478364275
11
18446676595478364276
18
18446676595478364278
4
18446676595478364282
2
18446676599773316232
1
18446676599773316249
4
18446676599773316286
2
18446676604068298863
4
18446676608363266093
1
18446676608363266094
1
18446676608363266095
1
18446676608363266146
6
18446676608363266147
56
18446676608363266148
45
18446676608363266150
24
18446676608363266151
25
18446676608363266152
366
18446676608363266153
33
18446676608363266155
31
18446676608363266156
57
18446676608363266157
7
18446676608363266158
381
18446676608363266162
225
18446676608363266163
22
18446676608363266164
509
18446676608363266165
31
18446676608363266166
4
18446676608363266169
1
18446676612658217631
93
18446676612658217636
13
18446676612658233442
1
18446676612658233444
2
18446676612658233445
4
18446676612658233452
1
18446676612658233458
12
18446676612658233461
1
18446676616953200740
4
18446676616953200743
14
18446676616953200747
1
18446676616953200748
1
18446676616953200749
1
18446676616953200750
1
18446676616953200754
2
18446676616953200755
2
18446676616953200758
1
18446676621248168033
6
18446676625543119523
3
18446676625543135346
16
18446676625543135347
1
18446676629838102560
54
18446676629838102562
1
18446676629838102568
2
18446676629838102625
9
18446676629838102627
39
18446676629838102628
60
18446676629838102629
2
18446676629838102631
7
18446676629838102632
10
18446676629838102635
17
18446676629838102636
8
18446676629838102637
8
18446676629838102638
15
18446676629838102639
3
18446676629838102640
6
18446676629838102642
36
18446676629838102643
49
18446676629838102644
31
18446676629838102646
1
18446676629838102650
1
18446676634133054121
2
18446676634133069934
1
18446676634133069940
1
18446676634133069941
1
18446676638428037167
38
18446676638428037235
2
18446676647017971744
116
18446676647017971746
7
18446676647017971753
1
18446676647017971756
2
18446676647017971809
44
18446676647017971811
7
18446676647017971812
2
18446676647017971814
1
18446676647017971816
2
18446676647017971819
13
18446676647017971820
1
18446676647017971821
12
18446676647017971822
20
18446676647017971826
1
18446676647017971827
4
18446676647017971828
20
18446676647017971830
2
18446676647017971834
4
18446676651312939124
1
18446676664197840993
41
18446676672787775520
4
18446676672787775588
3
18446676672787775591
56
18446676672787775596
2
18446676672787775597
1
18446676672787775598
11
18446676672787775600
2
18446676672787775602
3
18446676672787775603
3
18446676672787775607
13
18446676672787775610
3
18446676677082742893
30
18446676677082742898
4
18446676681377710180
1
18446676681377710181
1
18446676681377710188
1
18446676681377710192
6
18446676685672677408
2
18446676685672677423
1
18446676685672677474
5
18446676685672677475
9
18446676685672677478
22
18446676685672677479
57
18446676685672677480
15
18446676685672677483
1
18446676685672677484
10
18446676685672677485
1
18446676685672677486
78
18446676685672677488
1
18446676685672677490
208
18446676685672677491
50
18446676685672677492
10
18446676685672677494
3
18446676689967628959
2
18446676694262612066
1
18446676694262612068
1
18446676694262612071
2
18446676694262612074
4
18446676694262612076
1
18446676694262612078
2
18446676694262612082
7
18446676702852546658
2
18446676702852546660
9
18446676702852546674
14
18446676702852546675
1
18446676702852546676
1
18446676702852546682
3
18446676707147513970
7
18446676711442481250
380
18446676711442481251
15
18446676711442481252
1
18446676711442481254
169
18446676711442481255
71
18446676711442481256
190
18446676711442481260
56
18446676711442481262
93
18446676711442481264
2
18446676711442481266
556
18446676711442481267
39
18446676711442481268
18
18446676711442481274
1
18446676715737432735
1
18446676715737448480
22
18446676715737448547
10
18446676715737448564
3
18446677557551038496
10
18446677557551038563
7
18446677557551038564
2
18446677557551038570
1
18446677557551038572
3
18446677557551038573
4
18446677557551038574
2
18446677557551038578
19
18446677557551038579
9
18446677557551038580
21
18446677561845990590
1
18446677574730907680
28
18446677574730907692
2
18446677574730907747
5
18446677574730907748
1
18446677574730907760
2
18446677574730907763
1
18446677600500711456
1
18446677600500711525
5
18446677600500711529
11
18446677600500711530
7
18446677604795663243
2
18446677609090646113
2
18446677609090646117
63
18446677609090646121
2
18446677609090646122
1
18446677609090646126
15
18446677613385597613
2
18446677634860449824
1
18446677634860449891
1
18446677634860449892
1
18446677634860449898
1
18446677634860449901
1
18446677634860449906
2
18446677639155401889
2
18446677652040319008
6
18446677652040319082
10
18446677652040319091
6
18446677660630253600
14
18446677660630253667
1
18446677660630253671
6
18446677660630253684
1
18446677669220188194
2
18446677669220188260
7
18446677669220188268
3
18446677669220188270
2
18446677669220188274
3
18446677669220188276
4
18446677673515140249
1
18446677694989991968
1
18446677694989992037
4
18446677694989992041
34
18446677703579926625
2
18446677703579926633
34
18446677703579926645
2
18446677720759795809
3
18446677720759795826
1
18446677725054747559
1
18446677737939664994
13
18446677737939664996
3
18446677737939664999
4
18446677737939665006
6
18446677737939665012
2
18446677789479272553
10
18446677810954109025
3
18446677810954109045
1
18446677819544043552
1
18446677819544043635
7
18446678661357633568
21
18446678661357633633
9
18446678661357633635
2
18446678661357633637
5
18446678661357633647
9
18446678661357633653
5
18446678661357633657
2
18446678665652585139
4
18446678669947568162
1
18446678669947568227
5
18446678669947568243
9
18446678687127437427
1
18446678725782143008
4
18446678725782143021
1
18446678725782143079
2
18446678725782143081
2
18446678725782143090
1
18446678725782143098
1
18446678760141881376
2
18446678760141881378
1
18446678760141881388
2
18446678760141881445
4
18446678760141881454
3
18446678760141881455
3
18446678760141881459
12
18446678764436832941
6
18446678768731816035
2
18446678768731816044
1
18446678768731816050
2
18446678794501619744
1
18446678794501619809
5
18446678794501619811
5
18446678794501619813
25
18446678794501619817
1
18446678794501619819
55
18446678794501619822
1
18446678794501619823
2
18446678794501619824
5
18446678794501619828
12
18446678798796571309
2
18446678798796571563
3
18446678798796571809
2
18446678837451292786
10
18446678837451292788
2
18446678841746244769
2
18446678854631161888
1
18446678854631161890
2
18446678854631161965
1
18446678854631161971
10
18446678863221096566
1
18446678871811031072
6
18446678901875802144
1
18446678901875802156
1
18446678901875802222
1
18446678910465736809
1
18446678910465736810
1
18446678910465736814
6
18446678910465736819
8
18446678910465736821
1
18446678910465736825
51
18446678919055671342
1
18446678919055671393
2
18446678919055671397
6
18446678919055671401
7
18446678919055671406
2
18446678919055671407
1
18446678919055671413
1
18446678919055671417
10
18446688737350909984
4
18446688741645864372
2
18446688741645864578
39
18446688741645864579
4
18446688741645864580
9
18446688745940831665
1
18446688745940831674
1
18446688745940831675
2
18446688745940831677
2
18446688745940831872
1
18446688745940831873
4
18446688745940844576
66
18446688745940844589
1
18446688750235798972
11
18446688750235799169
2
18446688750235799170
44
18446688750235799172
1
18446688750235811872
1
18446688750235811951
5
18446688754530766257
73
18446688754530766260
3
18446688754530766266
6
18446688754530766271
20
18446688754530766464
3
18446688754530766468
6
18446688754530766473
3
18446688758825746464
67
18446688758825746477
1
18446688758825746479
1
18446688758825746482
1
18446688758825746550
5
18446688763120700847
7
18446688763120700850
1
18446688763120700851
7
18446688763120700852
3
18446688763120700856
9
18446688763120700857
40
18446688763120700858
15
18446688763120700859
7
18446688763120700860
5
18446688763120700861
17
18446688763120700862
1
18446688763120701056
6
18446688763120701057
20
18446688763120701058
30
18446688763120701059
10
18446688763120701060
69
18446688763120701061
4
18446688763120701062
7
18446688767415668145
3
18446688767415668149
2
18446688767415668153
4
18446688767415668159
7
18446688767415681135
1
18446688767415681142
2
18446688771710635437
1
18446688771710635439
49
18446688771710635441
4
18446688771710635443
12
18446688771710635445
28
18446688771710635447
1
18446688771710635449
23
18446688771710635450
2
18446688771710635453
4
18446688771710635455
3
18446688771710635649
8
18446688771710635653
2
18446688771710648431
6
18446688776005602735
4
18446688776005602737
1
18446688776005602741
13
18446688776005602743
1
18446688776005602745
24
18446688776005602751
13
18446688776005602945
5
18446688776005602953
2
18446688776005615648
3
18446688776005615657
2
18446688776005615662
3
18446688776005615734
2
18446688780300570031
22
18446688780300570034
2
18446688780300570035
9
18446688780300570036
2
18446688780300570037
4
18446688780300570040
5
18446688780300570041
31
18446688780300570042
9
18446688780300570043
43
18446688780300570044
1
18446688780300570045
8
18446688780300570240
14
18446688780300570241
10
18446688780300570243
3
18446688780300570244
3
18446688780300570245
35
18446688780300570246
2
18446688780300570247
11
18446688780300570253
1
18446688784595550240
10
18446688784595550326
2
18446688788890504627
1
18446688788890504635
10
18446688788890504636
4
18446688788890504637
12
18446688788890504833
2
18446688788890504834
14
18446688788890504835
11
18446688788890504836
17
18446688788890504839
3
18446688788890517545
1
18446688788890517615
7
18446688793185471921
2
18446688793185471925
5
18446688793185471927
4
18446688793185471933
5
18446688793185471935
4
18446688793185472129
3
18446688793185472142
3
18446688793185484832
17
18446688793185484846
3
18446688793185484911
13
18446688793185484918
5
18446688797480439212
4
18446688797480439217
43
18446688797480439220
24
18446688797480439221
5
18446688797480439223
7
18446688797480439226
135
18446688797480439228
5
18446688797480439229
7
18446688797480439231
24
18446688797480439424
1
18446688797480439425
17
18446688797480439427
25
18446688797480439428
6
18446688797480439433
1
18446688797480439438
3
18446688797480452207
1
18446688801775406508
4
18446688801775406510
93
18446688801775406513
22
18446688801775406516
1
18446688801775406517
6
18446688801775406519
8
18446688801775406527
14
18446688801775406720
4
18446688801775406721
4
18446688801775406724
12
18446688801775406732
30
18446688801775406733
39
18446688801775406734
7
18446688801775419503
28
18446688806070373804
40
18446688806070373806
7
18446688806070373807
1
18446688806070373809
4
18446688806070373813
14
18446688806070373815
2
18446688806070373817
7
18446688806070373819
42
18446688806070373820
3
18446688806070373823
35
18446688806070374021
2
18446688806070374022
2
18446688806070374025
4
18446688806070374030
2
18446688806070386799
2
18446688810365341100
5
18446688810365341101
3
18446688810365341102
6
18446688810365341103
4
18446688810365341105
46
18446688810365341106
7
18446688810365341109
5
18446688810365341111
4
18446688810365341113
6
18446688810365341116
3
18446688810365341119
5
18446688810365341312
1
18446688810365341317
1
18446688810365341321
2
18446688810365341326
2
18446688810365354016
37
18446688810365354030
1
18446688810365354031
1
18446688810365354095
6
18446688814660308399
3
18446688814660308401
10
18446688814660308404
1
18446688814660308405
13
18446688814660308407
1
18446688814660308409
24
18446688814660308415
34
18446688814660308612
12
18446688814660308617
9
18446688814660308622
5
18446688818955275705
1
18446688818955288608
34
18446688818955288621
2
18446688823250242991
2
18446688823250242993
1
18446688823250242994
1
18446688823250242995
32
18446688823250242996
16
18446688823250243000
1
18446688823250243001
18
18446688823250243002
5
18446688823250243003
40
18446688823250243004
5
18446688823250243005
19
18446688823250243200
10
18446688823250243201
6
18446688823250243202
55
18446688823250243203
16
18446688823250243204
4
18446688823250243205
36
18446688823250243206
2
18446688823250243207
2
18446688823250243208
1
18446688823250243213
16
18446689647883976745
1
18446689647883976815
1
18446689647883976822
1
18446689652178931121
26
18446689652178931125
5
18446689652178931128
1
18446689652178931129
19
18446689652178931131
6
18446689652178931133
1
18446689652178931135
24
18446689652178931329
49
18446689652178931332
15
18446689652178931333
2
18446689652178931340
1
18446689652178944111
14
18446689656473898413
1
18446689656473898417
17
18446689656473898419
30
18446689656473898420
2
18446689656473898421
4
18446689656473898423
6
18446689656473898424
4
18446689656473898425
51
18446689656473898428
5
18446689656473898431
67
18446689656473898629
4
18446689656473898631
12
18446689656473898633
2
18446689656473898636
9
18446689656473898637
2
18446689656473898638
3
18446689656473911328
185
18446689656473911330
2
18446689656473911340
2
18446689665063833006
1
18446689665063833007
2
18446689665063833009
3
18446689665063833015
23
18446689665063833016
2
18446689665063833017
7
18446689665063833018
6
18446689665063833023
4
18446689665063833219
3
18446689665063833220
33
18446689665063833221
7
18446689665063833223
9
18446689665063833225
1
18446689665063833228
1
18446689665063845934
3
18446689665063845999
8
18446689669358800300
2
18446689669358800301
6
18446689669358800302
10
18446689669358800303
7
18446689669358800305
14
18446689669358800309
21
18446689669358800311
26
18446689669358800313
51
18446689669358800315
5
18446689669358800316
6
18446689669358800319
35
18446689669358800513
53
18446689669358800515
1
18446689669358800517
13
18446689669358800521
6
18446689669358800524
3
18446689669358813216
16
18446689669358813228
1
18446689669358813302
1
18446689673653767603
10
18446689673653767612
18
18446689673653767613
2
18446689673653767808
9
18446689673653767809
35
18446689673653767811
2
18446689673653767812
28
18446689673653767815
19
18446689677948734894
5
18446689677948734897
3
18446689677948734904
2
18446689677948735105
4
18446689677948735109
4
18446689677948735118
2
18446689677948747887
2
18446689682243702191
15
18446689682243702193
3
18446689682243702197
17
18446689682243702201
16
18446689682243702205
10
18446689682243702207
10
18446689682243702414
1
18446689686538669701
6
18446689686538682486
1
18446689690833636796
5
18446689690833636797
17
18446689690833636992
1
18446689690833636995
3
18446689690833636996
6
18446689699423584288
19
18446689703718538674
1
18446689703718538675
1
18446689703718538684
3
18446689703718538685
9
18446689703718538882
4
18446689703718538884
7
18446689703718551584
6
18446689708013505979
7
18446689708013505980
2
18446689708013506176
39
18446689708013506177
1
18446689708013506180
1
18446689708013506183
2
18446689708013518966
1
18446689712308473268
1
18446689712308473271
2
18446689712308473277
17
18446689712308473279
1
18446689712308473473
6
