2695
137438953506
134
137438953511
1
137438953512
595
137438953515
1
137438953517
43
137438953519
1
137438953520
1
137438953521
818
137438953522
440
137438953523
193
137438953524
143
137438953525
219
137438953526
57
137438953527
52
137438953528
61
137438953529
15
137438953530
2
137438953563
68
137438953569
624
137438953570
250
137438953571
373
137438953572
797
137438953573
364
137438953574
183
137438953575
212
137438953576
133
137438953577
489
137438953578
44
137438953579
280
137438953580
223
137438953581
445
137438953582
203
137438953583
419
137438953584
431
137438953585
18
137438953586
251
137438953587
509
137438953588
312
137438953589
298
137438953590
354
137438953591
77
137438953592
1
137438953593
52
137438953594
94
137438953596
2652
141731921812
46
141733905057
7
141733905060
8
141733905061
1
141733905064
2
141733905065
14
141733905077
6
141733905078
4
141733905080
2
141733905082
1
141733905084
19
141733905281
6
141733905291
5
141733905293
5
141733905313
3
141733905315
2
141733905335
6
141733905538
3
141733905561
2
141733905563
3
141733905569
37
141733905598
2
141733907884
494
141733907885
657
141733907886
394
141733907887
77
141733907889
2887
141733907890
367
141733907891
768
141733907892
1565
141733907893
3998
141733907894
40
141733907895
425
141733907896
193
141733907897
568
141733907898
2883
141733907899
303
141733907900
1746
141733907901
724
141733907902
17
141733907903
1410
141733908096
3501
141733908097
44
141733908099
2604
141733908100
5513
141733908101
565
141733908102
259
141733908103
381
141733908104
25
141733908105
182
141733908108
307
141733908109
3
141733908110
35
146028888096
86
146028888105
228
146028888108
23
146028888110
4
146028888157
19
146028888161
17
146028888162
24
146028888163
3
146028888164
32
146028888165
8
146028888166
20
146028888167
6
146028888168
4
146028888169
7
146028888171
20
146028888172
14
146028888173
71
146028888174
9
146028888175
17
146028888176
21
146028888178
4
146028888179
27
146028888180
8
146028888181
11
146028888182
17
146028888183
3
146028888186
5
150321856404
2
150323839657
1
150323839674
1
150323839676
1
150323839885
2
150323842481
8
150323842484
2
150323842485
2
150323842487
1
150323842489
1
150323842490
12
150323842492
2
150323842493
3
150323842688
2
150323842692
4
150323842693
1
150323842694
1
150323842695
1
163208757363
2
167503724576
41
167503724641
15
167503724645
49
167503724648
1
167503724649
6
167503724655
3
167503724659
1
167503724661
1
171798676137
6
171798678961
1
171798691874
230
171798691881
2
171798691885
4
171798691889
12
171798691890
11
171798691891
11
171798691892
6
171798691893
2
171798691894
1
171798691895
1
171798691896
1
171798691897
1
171798691937
45
171798691938
18
171798691939
4
171798691940
23
171798691941
23
171798691942
4
171798691944
5
171798691945
28
171798691947
1
171798691948
6
171798691949
12
171798691950
7
171798691951
3
171798691952
12
171798691954
13
171798691955
13
171798691956
2
171798691957
4
171798691958
5
171798691959
3
171798691961
2
171798691962
1
176093643432
10
176093643433
1
176093643452
1
176093646252
7
176093646254
1
176093646255
1
176093646257
16
176093646258
3
176093646259
2
176093646260
10
176093646261
24
176093646265
3
176093646266
12
176093646268
15
176093646269
3
176093646271
8
176093646464
20
176093646467
14
176093646468
25
176093646470
2
176093646471
2
176093646476
4
176093659168
556
176093659170
23
176093659176
1
176093659177
2
176093659180
100
176093659182
4
176093659183
10
176093659186
1
176093659194
3
176093659229
3
176093659234
2
176093659236
4
176093659240
1
176093659241
1
176093659244
2
176093659252
4
176093659253
1
176093659254
2
180388613511
1
180388613548
1
180388613554
2
180388613556
30
180388613567
1
180388613760
9
180388613764
8
180388613772
2
184683593760
1
188978561056
2189
188978561058
3
188978561074
1
188978561075
1
188978561077
2
188978561121
2
188978561140
2
193273515444
8
193273515651
1
193273515652
2
193273528352
469
193273528364
8
193273528365
336
193273528369
3
193273528372
1
193273528417
11
193273528418
1
193273528419
4
193273528420
5
193273528421
9
193273528422
18
193273528423
6
193273528424
3
193273528425
17
193273528426
4
193273528427
6
193273528428
14
193273528429
2
193273528430
4
193273528431
7
193273528432
5
193273528433
2
193273528434
11
193273528435
2
193273528436
12
193273528437
4
193273528438
7
193273528439
1
197568479905
1
197568479913
1
197568480161
1
197568480167
1
197568482737
2
197568482739
2
197568482741
3
197568482745
1
197568482748
3
197568482749
1
197568482944
1
197568482947
1
197568482952
1
197568495648
503
197568495650
8
197568495657
43
197568495660
1
197568495661
5
197568495665
106
197568495666
121
197568495667
54
197568495668
26
197568495669
19
197568495670
19
197568495671
18
197568495672
3
197568495673
2
197568495674
2
197568495713
34
197568495714
7
197568495715
10
197568495716
39
197568495717
17
197568495718
4
197568495719
2
197568495720
7
197568495721
10
197568495723
8
197568495724
1
197568495725
11
197568495726
2
197568495727
2
197568495728
1
197568495730
6
197568495731
9
197568495732
13
197568495733
24
197568495734
14
197568495738
3
201863447201
1
201863447222
1
201863450037
3
201863450041
3
201863450042
2
201863450043
9
201863450044
1
201863450045
2
201863450240
10
201863450244
2
201863450245
4
201863450247
2
201863462944
26
201863462961
55
201863462962
25
201863462963
23
201863462964
26
201863462965
7
201863462966
5
201863462967
1
201863462969
3
201863463009
27
201863463010
79
201863463011
3
201863463012
20
201863463013
5
201863463014
40
201863463015
6
201863463016
26
201863463017
8
201863463019
13
201863463020
13
201863463021
12
201863463022
4
201863463023
7
201863463024
14
201863463026
5
201863463027
9
201863463028
6
201863463029
4
201863463030
6
201863463033
2
201863463034
2
206158414518
2
206158417333
89
206158417335
1
206158417338
10
206158417340
41
206158417343
2
206158417536
2
206158417540
6
206158417541
1
206158430240
130
206158430249
9
206158430252
18
206158430254
5
206158430255
13
206158430256
234
206158430257
17
206158430258
17
206158430259
19
206158430260
123
206158430261
10
206158430262
14
206158430263
17
206158430264
3
206158430265
2
206158430267
2
206158430301
6
206158430305
1
206158430306
1
210453384583
1
210453397536
157
210453397545
12
210453397548
44
210453397549
1
210453397550
194
210453397551
11
210453397552
30
210453397553
35
210453397554
36
210453397555
34
210453397556
27
210453397557
27
210453397558
18
210453397559
18
210453397560
21
210453397561
433
210453397597
15
214748351879
7
214748351927
172
214748364832
117
214748364841
6
214748364844
72
214748364846
162
214748364847
20
214748364848
260
214748364849
27
214748364850
14
214748364851
47
214748364852
35
214748364853
23
214748364854
7
214748364855
14
214748364856
34
214748364857
16
214748364859
1
214748364893
11
219043319217
1
219043319231
1
219043332128
135
219043332137
5
219043332140
34
219043332141
1
219043332142
115
219043332143
12
219043332144
18
219043332145
51
219043332146
10
219043332147
19
219043332148
23
219043332149
18
219043332150
41
219043332151
20
219043332152
24
219043332153
17
219043332154
2
219043332189
10
223338299424
258
223338299433
9
223338299436
43
223338299438
64
223338299439
18
223338299440
25
223338299441
9
223338299442
9
223338299443
14
223338299444
13
223338299445
18
223338299446
18
223338299447
8
223338299448
13
223338299449
6
223338299450
3
223338299485
10
227633253767
1
227633266720
96
227633266729
9
227633266732
27
227633266734
202
227633266735
21
227633266736
12
227633266737
16
227633266738
11
227633266739
9
227633266740
8
227633266741
12
227633266742
11
227633266743
3
227633266744
23
227633266745
8
227633266781
10
231928221063
2
231928234016
74
231928234025
9
231928234028
18
231928234030
44
231928234031
22
231928234032
9
231928234033
10
231928234034
5
231928234035
3
231928234036
16
231928234037
3
231928234038
4
231928234039
3
231928234040
25
231928234041
13
231928234042
1
231928234043
1
231928234077
8
236223188359
2
236223201312
58
236223201321
6
236223201324
19
236223201326
27
236223201327
30
236223201328
10
236223201329
19
236223201330
4
236223201331
5
236223201332
1
236223201333
15
236223201334
27
236223201335
21
236223201336
19
236223201337
10
236223201373
6
240518155655
3
240518155703
1
240518168608
112
240518168617
5
240518168620
21
240518168622
10
240518168623
53
240518168624
36
240518168625
12
240518168626
14
240518168627
18
240518168628
14
240518168629
34
240518168630
15
240518168631
26
240518168632
29
240518168633
21
240518168669
6
244813122951
2
244813135904
77
244813135913
5
244813135916
10
244813135917
2
244813135918
5
244813135919
27
244813135920
9
244813135921
14
244813135922
16
244813135923
9
244813135924
59
244813135925
42
244813135926
25
244813135927
76
244813135928
164
244813135929
175
244813135965
6
249108103200
136
249108103202
1
249108103268
1
253403057795
1
253403070496
8
253403070581
16
261993005088
2
390842023970
19
390842023985
44
390842023986
20
390842023987
4
390842023988
4
390842023989
4
390842023990
4
390842023991
4
390842023992
4
390842023993
4
395136978348
1
395136978356
2
395136978357
1
399431958560
68
399431958572
15
399431958574
1
399431958645
1
412316860448
6
416611827744
1526
416611827746
47
416611827751
16
416611827753
19
416611827756
56
416611827757
5
416611827758
8
416611827759
40
416611827762
5
416611827770
1
416611827771
8
416611827808
6
416611827809
69
416611827810
77
416611827811
183
416611827812
193
416611827813
38
416611827814
32
416611827815
160
416611827816
12
416611827817
64
416611827818
8
416611827819
124
416611827820
663
416611827821
145
416611827822
690
416611827823
1
416611827824
77
416611827825
2
416611827826
790
416611827827
299
416611827828
630
416611827829
172
416611827830
107
416611827831
19
416611827832
20
416611827834
39
420906779303
2
420906779309
1
420906779310
3
420906779313
38
420906779322
9
420906779531
3
420906779533
4
420906779559
2
420906779580
2
420906779778
26
420906779780
9
420906779801
13
420906779803
2
420906779809
3
420906779834
1
420906779838
10
420906795040
9
420906795042
1
420906795049
2
420906795053
1
420906795054
9
420906795105
116
420906795106
8
420906795107
4
420906795108
6
420906795109
259
420906795111
6
420906795113
105
420906795115
4
420906795116
77
420906795118
24
420906795119
108
420906795122
40
420906795123
32
420906795125
25
420906795126
6
420906795129
25
420906795130
2
425201746593
2
425201746601
9
425201746605
1
425201746616
2
425201746620
2
425201746817
6
425201746835
2
425201747089
1
425201762336
31
425201762345
5
425201762349
1
425201762350
6
425201762351
1
425201762358
1
425201762401
244
425201762403
22
425201762404
1
425201762405
162
425201762408
982
425201762409
439
425201762410
15
425201762411
54
425201762412
34
425201762413
4
425201762414
40
425201762415
205
425201762418
20
425201762419
16
425201762420
210
425201762421
69
425201762422
1
425201762423
3
425201762425
14
425201762426
41
429496713897
2
429496713898
1
429496713901
17
429496714155
10
429496714370
4
429496729632
432
429496729634
10
429496729639
50
429496729641
2
429496729644
6
429496729645
8
429496729646
10
429496729647
2
429496729659
3
429496729697
187
429496729698
9
429496729699
1
429496729700
5
429496729701
759
429496729703
2
429496729704
29
429496729705
785
429496729706
9
429496729707
4
429496729708
14
429496729709
4
429496729710
21
429496729711
244
429496729712
7
429496729714
58
429496729715
44
429496729716
6
429496729717
55
429496729718
5
429496729719
13
429496729721
46
429496729722
47
433791681185
1
433791681188
1
433791681193
5
433791681197
2
433791681203
4
433791681212
3
433791681421
7
433791681427
2
433791681435
4
433791681451
1
433791681681
1
433791681711
10
433791681722
2
433791696928
1493
433791696930
43
433791696936
12
433791696937
34
433791696940
25
433791696941
20
433791696942
3
433791696943
86
433791696946
5
433791696947
2
433791696948
1
433791696949
1
433791696950
1
433791696954
1
433791696955
3
433791696993
60
433791696994
45
433791696995
406
433791696996
447
433791696997
148
433791696998
25
433791696999
163
433791697000
33
433791697001
220
433791697002
21
433791697003
232
433791697004
434
433791697005
240
433791697006
1052
433791697007
22
433791697008
67
433791697009
3
433791697010
1405
433791697011
541
433791697012
373
433791697013
208
433791697014
74
433791697015
23
433791697016
86
433791697017
13
433791697018
30
438086648479
1
438086648481
3
438086648484
2
438086648485
2
438086648493
1
438086648715
6
438086648717
5
438086648737
1
438086648766
8
438086648993
1
438086649020
2
438086651323
1
438086664224
138
438086664226
1
438086664289
114
438086664290
1
438086664293
101
438086664294
19
438086664295
8
438086664296
1
438086664297
172
438086664298
1
438086664300
26
438086664301
1
438086664303
49
438086664306
70
438086664307
14
438086664308
50
438086664309
19
438086664313
14
442381615780
5
442381615789
2
442381615798
8
442381615800
4
442381615802
2
442381615804
18
442381616273
2
442381631520
166
442381631522
3
442381631529
3
442381631532
4
442381631533
2
442381631534
24
442381631535
2
442381631585
83
442381631586
1
442381631588
84
442381631589
410
442381631590
7
442381631591
5
442381631592
8
442381631593
812
442381631595
13
442381631596
10
442381631598
63
442381631599
75
442381631600
1
442381631602
41
442381631603
60
442381631604
12
442381631605
7
442381631607
2
442381631609
141
442381631610
7
446676583073
1
446676583076
3
446676583081
22
446676583085
37
446676583091
3
446676583094
2
446676583100
4
446676583335
1
446676583554
1
446676583585
1
446676583595
2
446676598816
110
446676598818
1
446676598825
3
446676598828
4
446676598829
4
446676598830
15
446676598881
141
446676598882
17
446676598884
1
446676598885
318
446676598886
1
446676598888
9
446676598889
432
446676598890
2
446676598891
1
446676598892
47
446676598893
2
446676598894
89
446676598895
162
446676598898
24
446676598899
23
446676598900
35
446676598901
67
446676598903
11
446676598905
15
446676598906
2
450971550369
2
450971550372
11
450971550373
1
450971550374
1
450971550377
15
450971550390
18
450971550392
3
450971550396
1
450971550397
2
450971550593
2
450971553215
1
450971566112
362
450971566114
6
450971566121
53
450971566124
8
450971566125
5
450971566126
6
450971566127
43
450971566177
675
450971566178
8
450971566179
586
450971566180
105
450971566181
693
450971566182
112
450971566183
114
450971566184
7
450971566185
89
450971566186
320
450971566187
207
450971566188
175
450971566189
72
450971566190
1145
450971566191
404
450971566192
215
450971566193
80
450971566194
346
450971566195
639
450971566196
825
450971566197
27
450971566198
258
450971566199
12
450971566200
1
450971566202
94
455266517664
1
455266517665
14
455266517668
1
455266517672
3
455266517673
4
455266517674
1
455266517675
38
455266517677
1
455266517683
15
455266517692
1
455266517899
10
455266517901
9
455266517913
1
455266517943
3
455266518148
2
455266518177
5
455266518195
3
455266518204
1
455266520497
10
455266520505
2
455266533408
15
455266533417
2
455266533422
1
455266533473
310
455266533476
1
455266533477
37
455266533478
1
455266533481
18
455266533483
8
455266533486
35
455266533487
50
455266533491
17
455266533493
54
455266533494
6
455266533498
2
459561484964
3
459561484966
1
459561484982
1
459561484986
1
459561485185
2
459561485189
18
459561500704
97
459561500706
20
459561500713
5
459561500716
5
459561500717
2
459561500718
1
459561500719
3
459561500730
1
459561500769
343
459561500771
3
459561500772
18
459561500773
125
459561500775
1
459561500776
4
459561500777
178
459561500778
1
459561500779
11
459561500780
82
459561500781
2
459561500782
6
459561500783
283
459561500786
57
459561500787
46
459561500788
220
459561500789
147
459561500790
21
459561500791
7
459561500793
1
463856452257
122
463856452260
14
463856452265
17
463856452278
6
463856452280
2
463856452284
4
463856452285
13
463856452481
23
463856452485
2
463856452493
1
463856452540
2
463856452769
9
463856452787
3
463856455089
1
463856455300
1
463856468000
279
463856468002
3
463856468007
32
463856468008
3
463856468009
4
463856468012
4
463856468013
23
463856468014
8
463856468015
1
463856468018
2
463856468019
1
463856468065
534
463856468066
4
463856468067
7
463856468068
36
463856468069
372
463856468070
6
463856468071
132
463856468072
1
463856468073
563
463856468074
20
463856468075
32
463856468076
175
463856468077
37
463856468078
24
463856468079
839
463856468080
3
463856468081
1
463856468082
1
463856468083
130
463856468084
134
463856468085
88
463856468086
6
463856468087
3
463856468089
7
463856468090
1
468151419553
15
468151419556
37
468151419558
14
468151419560
1
468151419561
21
468151419565
7
468151419571
54
468151419572
29
468151419573
2
468151419574
3
468151419580
1
468151419777
2
468151419781
1
468151419795
1
468151419799
2
468151419801
5
468151419819
5
468151420049
1
468151420079
1
468151435296
207
468151435298
1
468151435302
2
468151435305
2
468151435308
2
468151435309
10
468151435310
2
468151435311
1
468151435322
1
468151435323
1
468151435361
570
468151435362
49
468151435364
8
468151435365
480
468151435366
3
468151435367
6
468151435368
1
468151435369
269
468151435371
2
468151435372
2
468151435373
91
468151435374
19
468151435375
82
468151435376
48
468151435378
4
468151435379
29
468151435380
8
468151435381
46
468151435382
4
468151435383
1
468151435385
3
472446386849
5
472446386852
10
472446386857
47
472446386861
1
472446386867
1
472446386870
2
472446386876
1
472446387073
8
472446387095
10
472446387099
6
472446387115
1
472446387330
1
472446387345
1
472446387377
1
472446402592
601
472446402594
21
472446402600
1
472446402601
27
472446402604
15
472446402605
18
472446402606
2
472446402607
9
472446402611
1
472446402613
1
472446402614
2
472446402618
1
472446402619
1
472446402657
340
472446402658
4
472446402659
111
472446402660
535
472446402661
491
472446402662
58
472446402663
276
472446402664
30
472446402665
787
472446402666
1
472446402667
63
472446402668
46
472446402669
56
472446402670
56
472446402671
129
472446402672
19
472446402673
3
472446402674
9
472446402675
272
472446402676
359
472446402677
80
472446402678
8
472446402679
3
472446402681
38
472446402682
18
476741354145
43
476741354148
14
476741354150
5
476741354151
6
476741354153
40
476741354157
132
476741354163
5
476741354166
2
476741354170
1
476741354173
14
476741354369
3
476741354381
9
476741354391
12
476741354393
15
476741354395
2
476741354411
2
476741354641
3
476741354684
50
476741354686
9
476741369888
376
476741369890
17
476741369897
5
476741369900
8
476741369901
50
476741369903
24
476741369953
8
476741369954
69
476741369955
142
476741369956
103
476741369957
53
476741369958
202
476741369959
477
476741369960
8
476741369961
18
476741369962
53
476741369963
120
476741369964
788
476741369965
445
476741369966
341
476741369967
65
476741369968
141
476741369969
1
476741369970
454
476741369971
160
476741369972
100
476741369973
116
476741369974
181
476741369975
33
476741369976
2
476741369977
20
476741369978
27
481036321677
1
481036321697
21
481036321699
25
481036321719
1
481036321922
9
481036321924
8
481036321945
2
481036321953
16
481036321980
6
481036321982
1
481036324271
3
481036324274
1
481036324275
25
481036324276
6
481036324280
1
481036324282
2
481036324283
28
481036324284
7
481036324480
2
481036324481
1
481036324482
3
481036324485
8
481036324487
3
481036324488
1
481036337184
11
481036337198
1
481036337199
5
481036337249
154
481036337253
207
481036337254
23
481036337256
32
481036337257
102
481036337260
282
481036337262
9
481036337263
211
481036337264
21
481036337266
140
481036337267
71
481036337268
13
481036337269
77
485331288740
13
485331288742
4
485331288745
36
485331288749
2
485331288755
1
485331288756
4
485331288757
1
485331288762
2
485331288961
1
485331288979
2
485331289218
1
485331289241
1
485331289249
1
485331304480
1
485331304545
1
485331304563
2
485331304565
131
485331304567
1
489626271776
433
489626271778
55
489626271784
16
489626271785
19
489626271788
14
489626271789
16
489626271790
19
489626271791
27
489626271794
1
489626271841
537
489626271842
24
489626271843
272
489626271844
102
489626271845
530
489626271846
4
489626271847
271
489626271848
32
489626271849
539
489626271850
10
489626271851
105
489626271852
54
489626271853
137
489626271854
66
489626271855
479
489626271856
28
489626271857
24
489626271858
54
489626271859
345
489626271860
264
489626271861
250
489626271862
44
489626271863
13
489626271865
114
489626271866
68
493919240084
1
493921223329
13
493921223332
8
493921223333
2
493921223337
15
493921223338
1
493921223341
5
493921223347
3
493921223350
4
493921223352
1
493921223354
1
493921223356
17
493921223553
1
493921223571
1
493921223577
1
493921223585
12
493921223587
7
493921223595
4
493921223851
1
493921223855
1
493921223870
1
493921239072
519
493921239074
19
493921239081
19
493921239084
26
493921239085
25
493921239086
7
493921239087
13
493921239093
1
493921239094
1
493921239099
3
493921239137
110
493921239138
24
493921239139
301
493921239140
7
493921239141
214
493921239142
7
493921239143
9
493921239144
38
493921239145
416
493921239146
23
493921239147
337
493921239148
140
493921239149
13
493921239150
8
493921239151
137
493921239152
155
493921239154
7
493921239155
120
493921239156
1007
493921239157
143
493921239158
59
493921239159
8
493921239161
77
493921239162
117
498216190625
1
498216190627
1
498216190628
4
498216190633
6
498216190637
2
498216190648
2
498216190652
3
498216190849
4
498216191106
1
498216193667
1
498216206368
318
498216206370
30
498216206376
20
498216206377
28
498216206380
24
498216206381
10
498216206382
11
498216206383
26
498216206386
1
498216206387
1
498216206388
4
498216206389
1
498216206390
1
498216206394
1
498216206395
1
498216206433
509
498216206434
8
498216206435
3
498216206436
5
498216206437
1244
498216206438
4
498216206439
5
498216206440
157
498216206441
596
498216206442
1
498216206443
24
498216206444
31
498216206445
4
498216206446
45
498216206447
454
498216206448
1
498216206450
347
498216206451
193
498216206452
42
498216206453
469
498216206454
92
498216206455
22
498216206457
77
498216206458
4
502511157920
44
502511157921
14
502511157924
27
502511157925
4
502511157926
1
502511157928
3
502511157929
77
502511157933
13
502511157939
4
502511157942
1
502511157944
1
502511157946
12
502511157948
4
502511158145
17
502511158149
15
502511158163
1
502511158187
1
502511158425
6
502511158443
17
502511158447
2
502511160751
1
502511173664
110
502511173666
4
502511173673
13
502511173676
2
502511173677
2
502511173678
1
502511173679
1
502511173683
1
502511173729
20
502511173730
74
502511173731
48
502511173732
86
502511173733
104
502511173734
9
502511173735
78
502511173736
8
502511173737
60
502511173738
8
502511173739
73
502511173740
148
502511173741
78
502511173742
558
502511173743
54
502511173744
32
502511173746
646
502511173747
79
502511173748
212
502511173749
20
502511173750
40
502511173751
12
502511173752
37
502511173754
19
506806125223
1
506806125225
4
506806125229
1
506806125233
3
506806125453
6
506806125473
1
506806125475
4
506806125698
9
506806125729
28
506806125758
4
506806140960
88
506806140962
2
506806140969
5
506806140972
21
506806140974
13
506806140986
1
506806141025
225
506806141026
11
506806141028
3
506806141029
513
506806141033
150
506806141034
4
506806141035
1
506806141036
13
506806141037
6
506806141038
32
506806141039
107
506806141041
2
506806141042
7
506806141043
7
506806141044
4
506806141045
2
506806141046
2
506806141049
41
511101092513
12
511101092516
4
511101092517
11
511101092518
1
511101092521
14
511101092525
16
511101092541
6
511101092763
10
511101093025
10
511101095345
4
511101095348
1
511101095349
4
511101095353
2
511101095556
5
511101095561
1
511101108256
30
511101108258
6
511101108268
2
511101108269
1
511101108270
3
511101108271
3
511101108321
49
511101108325
61
511101108328
3
511101108329
42
511101108331
6
511101108332
2
511101108333
1
511101108334
13
511101108335
10
511101108338
13
511101108339
3
511101108340
1
511101108343
1
511101108345
33
515396060290
3
515396075552
37
515396075561
2
515396075565
1
515396075567
1
515396075617
47
515396075619
1
515396075621
36
515396075625
16
515396075627
3
515396075632
3
519691027113
1
519691042848
203
519691042850
16
519691042857
13
519691042860
26
519691042867
2
519691042913
59
519691042914
2
519691042915
69
519691042916
39
519691042917
10
519691042919
29
519691042920
2
519691042921
7
519691042922
2
519691042923
14
519691042924
26
519691042925
17
519691042926
84
519691042927
3
519691042928
16
519691042930
23
519691042931
73
519691042932
40
519691042934
1
519691042935
1
519691042938
3
523985994401
6
523985994413
6
523985994419
7
523985994422
2
523985994913
2
523985994940
9
523986010144
29
523986010146
1
523986010153
1
523986010156
3
523986010209
65
523986010210
3
523986010211
4
523986010212
24
523986010213
77
523986010215
1
523986010216
1
523986010217
169
523986010218
8
523986010219
25
523986010221
2
523986010222
42
523986010223
43
523986010224
6
523986010227
10
523986010228
37
523986010229
11
523986010231
2
523986010233
13
523986010234
5
528280961697
49
528280961709
2
528280961724
3
528280961921
1
528280961925
3
528280962193
2
528280962201
4
532575944736
2652
18438158623063408672
46
18438158623063408737
1
18438158623063408747
1
18438158623063408748
3
18438158751912427552
4
18446676586888429600
2
18446676586888429667
1
18446676586888429676
1
18446676591183396896
45
18446676595478364192
145
18446676595478364201
7
18446676595478364259
9
18446676595478364260
4
18446676595478364263
39
18446676595478364266
2
18446676595478364267
1
18446676595478364268
15
18446676595478364269
2
18446676595478364270
14
18446676595478364272
8
18446676595478364274
24
18446676595478364275
11
18446676595478364276
18
18446676595478364278
4
18446676595478364282
2
18446676599773316232
1
18446676599773316249
4
18446676599773316286
2
18446676604068298863
4
18446676608363266093
1
18446676608363266095
1
18446676608363266146
3
18446676608363266148
10
18446676608363266149
1
18446676608363266150
2
18446676608363266151
3
18446676608363266153
2
18446676608363266155
31
18446676608363266156
10
18446676608363266157
3
18446676608363266158
21
18446676608363266162
42
18446676608363266163
6
18446676608363266164
26
18446676608363266169
1
18446676612658217631
2
18446676612658217636
13
18446676612658233442
1
18446676612658233444
2
18446676612658233445
4
18446676612658233452
1
18446676612658233458
12
18446676612658233461
1
18446676616953200740
4
18446676616953200743
14
18446676616953200747
1
18446676616953200748
1
18446676616953200749
1
18446676616953200750
1
18446676616953200754
2
18446676616953200755
2
18446676616953200758
1
18446676621248168033
6
18446676625543119523
3
18446676625543135346
16
18446676625543135347
3
18446676629838102560
53
18446676629838102562
1
18446676629838102568
2
18446676629838102625
10
18446676629838102627
39
18446676629838102628
60
18446676629838102629
2
18446676629838102631
7
18446676629838102632
10
18446676629838102635
17
18446676629838102636
8
18446676629838102637
8
18446676629838102638
18
18446676629838102639
3
18446676629838102640
6
18446676629838102642
35
18446676629838102643
48
18446676629838102644
29
18446676629838102646
1
18446676629838102650
1
18446676634133054121
2
18446676634133069934
1
18446676634133069940
1
18446676634133069941
1
18446676638428037167
38
18446676647017971744
116
18446676647017971746
7
18446676647017971753
1
18446676647017971756
2
18446676647017971809
44
18446676647017971811
7
18446676647017971812
2
18446676647017971814
1
18446676647017971816
2
18446676647017971819
13
18446676647017971820
1
18446676647017971821
12
18446676647017971822
20
18446676647017971826
1
18446676647017971827
4
18446676647017971828
20
18446676647017971830
2
18446676647017971834
4
18446676651312939124
3
18446676664197840993
41
18446676672787775520
4
18446676672787775588
3
18446676672787775591
56
18446676672787775596
2
18446676672787775597
1
18446676672787775598
11
18446676672787775600
2
18446676672787775602
3
18446676672787775603
3
18446676672787775607
13
18446676672787775610
3
18446676677082742893
29
18446676677082742898
4
18446676681377710180
1
18446676681377710181
1
18446676681377710188
1
18446676681377710192
6
18446676685672677408
2
18446676685672677423
1
18446676685672677478
1
18446676685672677479
13
18446676685672677480
2
18446676685672677483
1
18446676685672677485
1
18446676685672677486
4
18446676685672677488
1
18446676685672677490
17
18446676685672677491
40
18446676685672677492
7
18446676685672677494
3
18446676694262612066
1
18446676694262612068
1
18446676694262612071
2
18446676694262612074
4
18446676694262612076
1
18446676694262612078
2
18446676694262612082
6
18446676702852546658
2
18446676702852546660
9
18446676702852546674
14
18446676702852546675
1
18446676702852546676
1
18446676702852546682
3
18446676711442481250
14
18446676711442481252
1
18446676711442481254
16
18446676711442481255
7
18446676711442481256
1
18446676711442481260
15
18446676711442481262
7
18446676711442481266
18
18446676711442481267
2
18446676711442481274
1
18446676715737432735
1
18446676715737448480
22
18446676715737448547
10
18446676715737448564
3
18446677557551038496
10
18446677557551038563
7
18446677557551038564
2
18446677557551038570
1
18446677557551038572
3
18446677557551038573
4
18446677557551038574
2
18446677557551038578
19
18446677557551038579
8
18446677557551038580
19
18446677561845990590
1
18446677574730907680
28
18446677574730907692
2
18446677574730907747
5
18446677574730907748
1
18446677574730907760
2
18446677574730907763
1
18446677600500711456
1
18446677600500711525
5
18446677600500711529
11
18446677600500711530
7
18446677604795663243
2
18446677609090646113
2
18446677609090646117
63
18446677609090646121
2
18446677609090646122
1
18446677609090646126
15
18446677613385597613
2
18446677634860449824
1
18446677634860449891
1
18446677634860449892
1
18446677634860449898
1
18446677634860449901
1
18446677634860449906
2
18446677639155401889
2
18446677652040319008
6
18446677652040319082
10
18446677652040319091
8
18446677660630253600
14
18446677660630253667
1
18446677660630253671
6
18446677660630253684
1
18446677669220188194
2
18446677669220188260
7
18446677669220188268
3
18446677669220188270
2
18446677669220188274
3
18446677669220188276
4
18446677673515140249
1
18446677694989991968
1
18446677694989992037
4
18446677694989992041
34
18446677703579926625
2
18446677703579926633
34
18446677703579926645
2
18446677720759795809
3
18446677720759795826
1
18446677725054747559
1
18446677737939664994
13
18446677737939664996
3
18446677737939664999
3
18446677737939665006
6
18446677737939665012
2
18446677789479272553
10
18446677810954109025
3
18446677810954109045
1
18446677819544043552
1
18446677819544043635
7
18446678661357633568
21
18446678661357633633
10
18446678661357633635
2
18446678661357633637
5
18446678661357633647
9
18446678661357633653
5
18446678661357633657
2
18446678665652585139
4
18446678669947568160
1
18446678669947568162
1
18446678669947568172
1
18446678669947568227
5
18446678669947568243
11
18446678687127437427
1
18446678725782143008
4
18446678725782143021
1
18446678725782143079
2
18446678725782143081
2
18446678725782143090
1
18446678725782143098
1
18446678760141881376
2
18446678760141881378
1
18446678760141881388
2
18446678760141881445
4
18446678760141881454
3
18446678760141881455
3
18446678760141881459
12
18446678764436832941
6
18446678768731816035
2
18446678768731816044
1
18446678768731816050
2
18446678794501619744
1
18446678794501619809
5
18446678794501619811
5
18446678794501619813
25
18446678794501619817
1
18446678794501619819
55
18446678794501619822
1
18446678794501619823
2
18446678794501619824
5
18446678794501619828
12
18446678798796571309
2
18446678798796571563
3
18446678798796571809
2
18446678837451292786
16
18446678837451292788
2
18446678841746244769
2
18446678854631161888
1
18446678854631161890
2
18446678854631161965
1
18446678854631161971
10
18446678863221096566
1
18446678871811031072
6
18446678901875802144
1
18446678901875802156
1
18446678901875802222
1
18446678910465736809
1
18446678910465736810
1
18446678910465736814
6
18446678910465736819
8
18446678910465736821
1
18446678910465736825
51
18446678919055671342
1
18446678919055671393
2
18446678919055671397
6
18446678919055671401
7
18446678919055671406
2
18446678919055671407
1
18446678919055671413
1
18446678919055671417
10
18446688578437120032
42
18446688621386780081
10
18446688621386780092
1
18446688621386780095
110
18446688737350909984
555
18446688737350909993
1
18446688737350909996
13
18446688737350909999
5
18446688741645864370
27
18446688741645864371
215
18446688741645864372
53
18446688741645864373
2
18446688741645864374
29
18446688741645864376
171
18446688741645864378
22
18446688741645864379
322
18446688741645864380
67
18446688741645864381
170
18446688741645864382
90
18446688741645864383
1
18446688741645864576
8
18446688741645864577
639
18446688741645864578
78
18446688741645864579
444
18446688741645864580
629
18446688741645864581
1
18446688741645864582
61
18446688741645864583
336
18446688741645864584
1
18446688745940831665
119
18446688745940831666
1
18446688745940831667
62
18446688745940831668
47
18446688745940831669
4
18446688745940831672
2
18446688745940831674
127
18446688745940831675
505
18446688745940831676
15
18446688745940831677
741
18446688745940831678
20
18446688745940831679
29
18446688745940831872
149
18446688745940831873
217
18446688745940831874
395
18446688745940831875
100
18446688745940831876
351
18446688745940831878
11
18446688745940831879
285
18446688745940831880
3
18446688745940831881
61
18446688745940844576
1546
18446688745940844578
8
18446688745940844585
3
18446688745940844588
65
18446688745940844589
1
18446688745940844590
2
18446688745940844591
9
18446688750235798919
2
18446688750235798963
25
18446688750235798964
4
18446688750235798968
45
18446688750235798970
88
18446688750235798971
17
18446688750235798972
186
18446688750235798973
22
18446688750235798974
1
18446688750235799168
13
18446688750235799169
154
18446688750235799170
958
18446688750235799171
143
18446688750235799172
143
18446688750235799174
7
18446688750235799175
1
18446688750235799176
6
18446688750235811872
440
18446688750235811874
1
18446688750235811884
12
18446688750235811886
2
18446688750235811951
5
18446688754530766257
1287
18446688754530766258
5
18446688754530766259
16
18446688754530766260
845
18446688754530766261
146
18446688754530766262
171
18446688754530766263
38
18446688754530766264
85
18446688754530766266
31
18446688754530766267
10
18446688754530766268
48
18446688754530766269
197
18446688754530766270
16
18446688754530766271
592
18446688754530766464
148
18446688754530766465
79
18446688754530766466
55
18446688754530766467
187
18446688754530766468
637
18446688754530766471
18
18446688754530766472
3
18446688754530766473
298
18446688758825746464
3535
18446688758825746466
7
18446688758825746473
73
18446688758825746476
166
18446688758825746477
5
18446688758825746478
17
18446688758825746479
1
18446688758825746482
1
18446688758825746490
9
18446688758825746550
5
18446688763118714802
1
18446688763120700807
1
18446688763120700816
110
18446688763120700847
1000
18446688763120700849
1
18446688763120700850
46
18446688763120700851
855
18446688763120700852
90
18446688763120700853
44
18446688763120700854
3
18446688763120700856
279
18446688763120700857
2578
18446688763120700858
482
18446688763120700859
318
18446688763120700860
236
18446688763120700861
1407
18446688763120700862
125
18446688763120700863
6
18446688763120701056
1080
18446688763120701057
1612
18446688763120701058
741
18446688763120701059
1088
18446688763120701060
2085
18446688763120701061
264
18446688763120701062
510
18446688763120701063
33
18446688763120701064
7
18446688763120701066
40
18446688763120701069
13
18446688763120713769
65
18446688763120713772
1
18446688763120713774
1
18446688763120713786
1
18446688767413682098
2
18446688767415668140
280
18446688767415668141
1
18446688767415668142
8
18446688767415668143
5
18446688767415668145
311
18446688767415668146
1
18446688767415668148
4
18446688767415668149
124
18446688767415668151
14
18446688767415668153
98
18446688767415668155
71
18446688767415668159
120
18446688767415668353
91
18446688767415668357
1
18446688767415668361
5
18446688767415668364
1
18446688767415668365
1
18446688767415668366
13
18446688767415681056
1
18446688767415681065
40
18446688767415681070
1
18446688767415681135
1
18446688767415681142
2
18446688771708649394
1
18446688771710635436
45
18446688771710635437
110
18446688771710635438
135
18446688771710635439
370
18446688771710635441
142
18446688771710635443
610
18446688771710635444
1
18446688771710635445
841
18446688771710635447
141
18446688771710635449
601
18446688771710635450
183
18446688771710635451
6
18446688771710635452
67
18446688771710635453
288
18446688771710635454
1
18446688771710635455
245
18446688771710635649
227
18446688771710635653
16
18446688771710635655
45
18446688771710635657
244
18446688771710635660
21
18446688771710635661
14
18446688771710635662
11
18446688771710648361
29
18446688771710648431
6
18446688776005602732
30
18446688776005602733
51
18446688776005602734
30
18446688776005602735
127
18446688776005602737
102
18446688776005602740
1
18446688776005602741
1293
18446688776005602743
260
18446688776005602745
1327
18446688776005602751
423
18446688776005602945
330
18446688776005602948
17
18446688776005602949
73
18446688776005602953
26
18446688776005602956
20
18446688776005602957
100
18446688776005602958
105
18446688776005615648
1112
18446688776005615657
25
18446688776005615660
3
18446688776005615662
4
18446688776005615734
2
18446688780300570028
33
18446688780300570031
1168
18446688780300570033
6
18446688780300570034
100
18446688780300570035
173
18446688780300570036
149
18446688780300570037
34
18446688780300570038
2
18446688780300570040
51
18446688780300570041
1719
18446688780300570042
1398
18446688780300570043
808
18446688780300570044
150
18446688780300570045
875
18446688780300570046
286
18446688780300570047
100
18446688780300570240
1368
18446688780300570241
883
18446688780300570242
599
18446688780300570243
279
18446688780300570244
1017
18446688780300570245
1445
18446688780300570246
173
18446688780300570247
282
18446688780300570248
4
18446688780300570249
236
18446688780300570252
3
18446688780300570253
142
18446688780300570254
5
18446688780300582953
7
18446688780300582956
4
18446688784595537324
1
18446688784595537327
1
18446688784595537329
4
18446688784595537333
110
18446688784595537335
9
18446688784595537343
114
18446688784595537541
3
18446688784595537545
12
18446688784595537548
4
18446688784595537549
1
18446688784595537550
12
18446688784595550240
2597
18446688784595550242
1
18446688784595550249
8
18446688784595550252
127
18446688784595550253
2
18446688784595550254
11
18446688784595550255
2
18446688784595550266
1
18446688784595550326
2
18446688788890504627
402
18446688788890504628
2
18446688788890504632
174
18446688788890504634
95
18446688788890504635
97
18446688788890504636
582
18446688788890504637
1046
18446688788890504638
1
18446688788890504832
11
18446688788890504833
510
18446688788890504834
1612
18446688788890504835
482
18446688788890504836
587
18446688788890504838
7
18446688788890504839
174
18446688788890504840
52
18446688788890517543
2
18446688788890517545
4
18446688788890517550
10
18446688788890517615
7
18446688793185471916
8
18446688793185471917
176
18446688793185471918
67
18446688793185471919
13
18446688793185471921
156
18446688793185471925
496
18446688793185471927
155
18446688793185471929
7
18446688793185471931
6
18446688793185471932
161
18446688793185471933
42
18446688793185471935
122
18446688793185472129
284
18446688793185472133
86
18446688793185472137
37
18446688793185472140
10
18446688793185472141
25
18446688793185472142
75
18446688793185484832
3254
18446688793185484841
2
18446688793185484844
101
18446688793185484845
1
18446688793185484846
6
18446688793185484847
1
18446688793185484858
1
18446688793185484911
13
18446688793185484918
5
18446688797480439212
337
18446688797480439213
19
18446688797480439214
23
18446688797480439215
8
18446688797480439217
1665
18446688797480439218
53
18446688797480439219
15
18446688797480439220
430
18446688797480439221
344
18446688797480439222
5
18446688797480439223
143
18446688797480439224
44
18446688797480439225
31
18446688797480439226
3189
18446688797480439227
133
18446688797480439228
258
18446688797480439229
305
18446688797480439230
22
18446688797480439231
741
18446688797480439424
158
18446688797480439425
119
18446688797480439426
610
18446688797480439427
1395
18446688797480439428
679
18446688797480439430
31
18446688797480439431
163
18446688797480439432
2
18446688797480439433
67
18446688797480439436
215
18446688797480439438
246
18446688797480452128
110
18446688797480452137
2
18446688797480452140
25
18446688797480452142
9
18446688797480452207
1
18446688801775406508
329
18446688801775406509
215
18446688801775406510
1330
18446688801775406511
49
18446688801775406513
2274
18446688801775406514
1
18446688801775406516
28
18446688801775406517
839
18446688801775406519
247
18446688801775406520
7
18446688801775406521
67
18446688801775406522
12
18446688801775406523
234
18446688801775406524
22
18446688801775406525
10
18446688801775406527
775
18446688801775406720
803
18446688801775406721
657
18446688801775406724
668
18446688801775406725
39
18446688801775406726
3
18446688801775406727
1
18446688801775406729
22
18446688801775406732
514
18446688801775406733
106
18446688801775406734
483
18446688801775419503
28
18446688806070373804
484
18446688806070373805
105
18446688806070373806
214
18446688806070373807
106
18446688806070373809
354
18446688806070373811
1
18446688806070373813
348
18446688806070373815
392
18446688806070373816
1
18446688806070373817
321
18446688806070373818
4
18446688806070373819
284
18446688806070373820
549
18446688806070373823
1384
18446688806070374016
10
18446688806070374020
3
18446688806070374021
32
18446688806070374022
2
18446688806070374024
69
18446688806070374025
187
18446688806070374028
203
18446688806070374029
48
18446688806070374030
160
18446688806070386720
1
18446688806070386729
1
18446688806070386799
2
18446688810365341100
158
18446688810365341101
1048
18446688810365341102
83
18446688810365341103
135
18446688810365341105
1781
18446688810365341106
238
18446688810365341109
1262
18446688810365341111
350
18446688810365341113
337
18446688810365341116
66
18446688810365341117
22
18446688810365341119
510
18446688810365341312
197
18446688810365341317
4
18446688810365341318
75
18446688810365341321
67
18446688810365341324
265
18446688810365341326
27
18446688810365354016
5124
18446688810365354018
10
18446688810365354025
16
18446688810365354028
273
18446688810365354029
5
18446688810365354030
24
18446688810365354031
6
18446688810365354095
6
18446688814660308359
10
18446688814660308396
140
18446688814660308397
54
18446688814660308398
59
18446688814660308399
188
18446688814660308401
1284
18446688814660308403
1
18446688814660308404
127
18446688814660308405
543
18446688814660308407
262
18446688814660308408
40
18446688814660308409
818
18446688814660308411
1
18446688814660308413
35
18446688814660308415
1342
18446688814660308611
31
18446688814660308612
1011
18446688814660308613
10
18446688814660308617
429
18446688814660308620
146
18446688814660308621
5
18446688814660308622
296
18446688814660321312
5
18446688818955275692
27
18446688818955275693
37
18446688818955275694
11
18446688818955275695
13
18446688818955275697
59
18446688818955275701
194
18446688818955275703
82
18446688818955275705
88
18446688818955275711
38
18446688818955275909
1
18446688818955275916
2
18446688818955275917
37
18446688818955275918
3
18446688818955288608
2153
18446688818955288617
2
18446688818955288620
53
18446688818955288621
4
18446688818955288622
9
18446688818955288634
1
18446688823250242960
11
18446688823250242989
4
18446688823250242990
6
18446688823250242991
502
18446688823250242993
25
18446688823250242994
240
18446688823250242995
426
18446688823250242996
597
18446688823250242997
28
18446688823250242998
1
18446688823250242999
74
18446688823250243000
185
18446688823250243001
1221
18446688823250243002
433
18446688823250243003
811
18446688823250243004
721
18446688823250243005
1546
18446688823250243006
4
18446688823250243007
28
18446688823250243200
924
18446688823250243201
790
18446688823250243202
1026
18446688823250243203
431
18446688823250243204
239
18446688823250243205
4373
18446688823250243206
93
18446688823250243207
274
18446688823250243208
12
18446688823250243209
1
18446688823250243210
19
18446688823250243211
57
18446688823250243212
2
18446688823250243213
1122
18446688823250243214
2
18446689647883976743
2
18446689647883976745
1
18446689647883976750
12
18446689647883976815
1
18446689647883976822
1
18446689652178931116
151
18446689652178931117
81
18446689652178931118
65
18446689652178931119
190
18446689652178931121
2304
18446689652178931125
743
18446689652178931127
114
18446689652178931128
1
18446689652178931129
766
18446689652178931131
431
18446689652178931133
8
18446689652178931135
2354
18446689652178931328
3
18446689652178931329
1102
18446689652178931332
232
18446689652178931333
4
18446689652178931337
61
18446689652178931340
772
18446689652178931342
19
18446689652178944032
5
18446689652178944111
14
18446689656473898412
750
18446689656473898413
271
18446689656473898414
66
18446689656473898415
626
18446689656473898417
1088
18446689656473898418
6
18446689656473898419
300
18446689656473898420
3
18446689656473898421
308
18446689656473898423
376
18446689656473898424
284
18446689656473898425
1239
18446689656473898426
229
18446689656473898427
2
18446689656473898428
332
18446689656473898429
3
18446689656473898430
5
18446689656473898431
1851
18446689656473898625
10
18446689656473898627
4
18446689656473898628
214
18446689656473898629
72
18446689656473898630
12
18446689656473898631
448
18446689656473898633
292
18446689656473898636
235
18446689656473898637
29
18446689656473898638
200
18446689656473911328
6670
18446689656473911330
12
18446689656473911337
28
18446689656473911340
474
18446689656473911342
56
18446689656473911343
42
18446689656473911354
102
18446689660768865671
9
18446689660768865714
1
18446689660768865715
1
18446689660768865716
9
18446689660768865920
3
18446689660768878624
12
18446689660768878631
8
18446689660768878638
30
18446689660768878639
1
18446689665063833004
12
18446689665063833005
4
18446689665063833006
70
18446689665063833007
293
18446689665063833009
180
18446689665063833010
36
18446689665063833012
10
18446689665063833013
954
18446689665063833015
2021
18446689665063833016
72
18446689665063833017
338
18446689665063833018
460
18446689665063833019
26
18446689665063833020
242
18446689665063833023
327
18446689665063833216
125
18446689665063833219
85
18446689665063833220
2495
18446689665063833221
545
18446689665063833222
60
18446689665063833223
380
18446689665063833225
103
18446689665063833228
96
18446689665063833229
125
18446689665063833230
23
18446689665063845927
13
18446689665063845929
12
18446689665063845934
3
18446689665063845999
8
18446689669358800300
518
18446689669358800301
216
18446689669358800302
531
18446689669358800303
487
18446689669358800305
2282
18446689669358800306
10
18446689669358800309
1132
18446689669358800311
3081
18446689669358800313
2015
18446689669358800315
360
18446689669358800316
50
18446689669358800319
4544
18446689669358800513
740
18446689669358800515
29
18446689669358800516
19
18446689669358800517
98
18446689669358800521
1120
18446689669358800524
227
18446689669358800525
8
18446689669358800526
351
18446689669358813216
2429
18446689669358813225
4
18446689669358813228
117
18446689669358813230
3
18446689669358813231
1
18446689669358813300
1
18446689669358813302
1
18446689673653767596
1
18446689673653767597
4
18446689673653767598
108
18446689673653767601
114
18446689673653767602
6
18446689673653767603
159
18446689673653767604
105
18446689673653767607
1
18446689673653767608
143
18446689673653767609
3
18446689673653767610
34
18446689673653767611
337
18446689673653767612
298
18446689673653767613
753
18446689673653767614
9
18446689673653767615
13
18446689673653767808
477
18446689673653767809
241
18446689673653767810
735
18446689673653767811
967
18446689673653767812
531
18446689673653767814
7
18446689673653767815
122
18446689673653767816
4
18446689673653767820
36
18446689673653767822
11
18446689677948734892
50
18446689677948734893
99
18446689677948734894
49
18446689677948734895
25
18446689677948734897
240
18446689677948734901
107
18446689677948734903
11
18446689677948734904
12
18446689677948734905
45
18446689677948734911
395
18446689677948735104
1
18446689677948735105
17
18446689677948735109
83
18446689677948735113
80
18446689677948735116
82
18446689677948735117
35
18446689677948735118
10
18446689677948747808
1
18446689677948747822
2
18446689677948747887
2
18446689682243702188
12
18446689682243702189
91
18446689682243702190
222
18446689682243702191
50
18446689682243702193
204
18446689682243702197
495
18446689682243702199
39
18446689682243702200
13
18446689682243702201
642
18446689682243702205
224
18446689682243702207
703
18446689682243702401
61
18446689682243702404
1
18446689682243702405
55
18446689682243702409
46
18446689682243702412
32
18446689682243702413
46
18446689682243702414
122
18446689686538669484
1
18446689686538669486
8
18446689686538669487
1
18446689686538669493
11
18446689686538669495
143
18446689686538669503
5
18446689686538669701
31
18446689686538669710
1
18446689686538682400
180
18446689686538682486
1
18446689690833636782
2
18446689690833636786
26
18446689690833636787
83
18446689690833636788
13
18446689690833636792
22
18446689690833636793
8
18446689690833636795
6
18446689690833636796
213
18446689690833636797
1934
18446689690833636799
2
18446689690833636992
93
18446689690833636993
198
18446689690833636994
409
18446689690833636995
262
18446689690833636996
111
18446689690833636998
4
18446689695128604081
4
18446689695128604090
38
18446689695128604291
1
18446689695128604300
16
18446689699423571584
49
18446689699423571590
8
18446689699423584288
1012
18446689699423584300
11
18446689699423584302
1
18446689699423584314
3
18446689703718538674
3
18446689703718538675
224
18446689703718538676
150
18446689703718538677
2
18446689703718538678
25
18446689703718538679
6
18446689703718538680
9
18446689703718538682
26
18446689703718538683
89
18446689703718538684
275
18446689703718538685
240
18446689703718538687
34
18446689703718538880
88
18446689703718538881
89
18446689703718538882
183
18446689703718538883
217
18446689703718538884
455
18446689703718538886
14
18446689703718538887
36
18446689703718538888
16
18446689703718538889
3
18446689703718551584
413
18446689703718551593
2
18446689703718551596
50
18446689703718551598
4
18446689703718551599
2
18446689703718551610
1
18446689708013505927
1
18446689708013505971
6
18446689708013505972
1
18446689708013505973
34
18446689708013505975
9
18446689708013505976
101
18446689708013505978
57
18446689708013505979
62
18446689708013505980
174
18446689708013505981
405
18446689708013505983
103
18446689708013506176
70
18446689708013506177
19
18446689708013506178
81
18446689708013506179
135
18446689708013506180
66
18446689708013506183
35
18446689708013506184
3
18446689708013506185
3
18446689708013518880
12
18446689708013518966
1
18446689712308473265
2
18446689712308473268
27
18446689712308473271
13
18446689712308473272
11
18446689712308473273
2
18446689712308473274
1
18446689712308473275
11
18446689712308473276
95
18446689712308473277
1408
18446689712308473279
10
18446689712308473472
34
18446689712308473473
163
18446689712308473474
136
18446689712308473475
192
18446689712308473476
71
18446689712308473479
1
18446689712308473481
12
