2264
137438953506
110
137438953511
1
137438953512
607
137438953515
1
137438953517
42
137438953518
1
137438953519
1
137438953520
1
137438953521
808
137438953522
438
137438953523
188
137438953524
128
137438953525
214
137438953526
55
137438953527
51
137438953528
43
137438953529
14
137438953563
47
137438953569
2434
137438953570
279
137438953571
384
137438953572
1321
137438953573
1561
137438953574
282
137438953575
231
137438953576
535
137438953577
783
137438953578
1590
137438953579
3798
137438953580
1416
137438953581
1659
137438953582
1013
137438953583
1465
137438953584
1668
137438953585
18
137438953586
608
137438953587
1804
137438953588
2837
137438953589
327
137438953590
2191
137438953591
73
137438953592
1
137438953593
52
137438953594
97
137438953596
2652
141731921812
91
141733905057
7
141733905060
85
141733905061
2
141733905065
14
141733905077
344
141733905078
4
141733905080
2
141733905082
1
141733905084
399
141733905281
6
141733905291
5
141733905293
5
141733905313
3
141733905315
2
141733905335
6
141733905538
1
141733905561
2
141733905563
3
141733905569
45
141733905598
2
141733907884
3
141733907886
3
141733907889
41
141733907890
3
141733907891
11
141733907892
7
141733907893
38
141733907895
1
141733907896
9
141733907897
18
141733907898
22
141733907899
1
141733907900
17
141733907901
25
141733907903
23
141733908096
49
141733908097
3
141733908099
23
141733908100
28
141733908101
13
141733908102
7
141733908103
13
141733908104
4
141733908105
2
146028888096
88
146028888105
209
146028888108
14
146028888109
1
146028888110
1
146028888161
24
146028888162
20
146028888163
1
146028888164
26
146028888165
10
146028888166
14
146028888167
9
146028888168
5
146028888169
7
146028888171
22
146028888172
15
146028888173
51
146028888174
8
146028888175
18
146028888176
23
146028888178
2
146028888179
26
146028888180
6
146028888181
11
146028888182
15
146028888183
4
146028888186
5
150321856404
2
150323839657
2
150323839674
1
150323839676
3
150323839885
2
150323842495
1
150323842692
1
163208757363
2
167503724576
16
167503724641
16
167503724645
49
167503724648
1
167503724649
7
167503724655
3
167503724659
1
167503724661
1
171798676137
6
171798678961
1
171798691872
4
171798691874
206
171798691885
4
171798691889
28
171798691890
11
171798691891
11
171798691892
6
171798691893
1
171798691894
1
171798691895
1
171798691896
1
171798691897
1
171798691937
62
171798691938
26
171798691939
4
171798691940
32
171798691941
40
171798691942
11
171798691943
2
171798691944
8
171798691945
31
171798691947
25
171798691948
16
171798691949
31
171798691950
17
171798691951
3
171798691952
16
171798691954
15
171798691955
31
171798691956
13
171798691957
4
171798691958
24
171798691959
2
171798691961
2
171798691962
1
176093643432
10
176093643433
1
176093643445
3
176093643452
1
176093646257
1
176093646261
1
176093646266
1
176093646468
4
176093659168
505
176093659170
15
176093659176
1
176093659177
10
176093659180
93
176093659182
6
176093659183
11
176093659186
1
176093659194
2
176093659195
13
176093659233
4
176093659234
2
176093659235
1
176093659236
5
176093659237
2
176093659240
3
176093659241
3
176093659243
3
176093659244
2
176093659245
2
176093659248
1
176093659250
3
176093659251
1
176093659252
11
176093659253
1
176093659254
2
180388610748
2
184683593760
1
188978561056
1840
188978561058
4
188978561074
1
188978561075
1
188978561077
3
188978561121
6
188978561122
2
188978561124
13
188978561125
1
188978561127
1
188978561129
1
188978561131
2
188978561132
1
188978561136
1
188978561139
2
188978561140
1
188978561143
1
193273513090
1
193273515651
1
193273528352
549
193273528364
16
193273528365
336
193273528369
5
193273528417
85
193273528418
3
193273528419
3
193273528420
5
193273528421
18
193273528422
18
193273528423
7
193273528424
4
193273528425
21
193273528426
4
193273528427
15
193273528428
18
193273528429
3
193273528430
4
193273528431
34
193273528432
10
193273528433
2
193273528434
11
193273528435
6
193273528436
21
193273528437
4
193273528438
8
193273528439
1
197568479905
1
197568479913
1
197568479932
3
197568480161
1
197568480167
1
197568482739
2
197568482944
1
197568495648
932
197568495650
8
197568495656
1
197568495657
34
197568495660
5
197568495661
6
197568495665
106
197568495666
120
197568495667
54
197568495668
26
197568495669
19
197568495670
19
197568495671
18
197568495672
3
197568495673
2
197568495674
2
197568495713
36
197568495714
7
197568495715
10
197568495716
40
197568495717
17
197568495718
4
197568495719
3
197568495720
7
197568495721
5
197568495723
10
197568495724
1
197568495725
12
197568495726
2
197568495727
2
197568495728
1
197568495730
4
197568495731
9
197568495732
13
197568495733
24
197568495734
14
197568495738
3
201863447201
1
201863447222
1
201863450037
3
201863450041
3
201863450042
2
201863450044
1
201863450045
2
201863450240
10
201863450244
2
201863450245
4
201863462944
26
201863462960
1
201863462961
56
201863462962
24
201863462963
23
201863462964
26
201863462965
7
201863462966
5
201863462967
1
201863462969
2
201863463009
27
201863463010
77
201863463011
3
201863463012
20
201863463013
90
201863463014
40
201863463015
6
201863463016
23
201863463017
10
201863463019
16
201863463020
13
201863463021
12
201863463022
4
201863463023
7
201863463024
14
201863463026
5
201863463027
12
201863463028
6
201863463029
4
201863463030
16
201863463033
2
201863463034
2
206158414518
2
206158417338
1
206158417340
1
206158430240
99
206158430249
7
206158430252
9
206158430253
1
206158430254
48
206158430255
13
206158430256
235
206158430257
18
206158430258
17
206158430259
18
206158430260
123
206158430261
11
206158430262
14
206158430263
17
206158430264
3
206158430265
2
206158430301
5
206158430305
5
206158430306
1
206158430324
2
210453397536
129
210453397545
10
210453397548
24
210453397549
2
210453397550
430
210453397551
12
210453397552
32
210453397553
35
210453397554
42
210453397555
34
210453397556
26
210453397557
27
210453397558
18
210453397559
18
210453397560
23
210453397561
434
210453397597
13
210453397601
1
214748364832
146
214748364841
7
214748364844
49
214748364846
171
214748364847
20
214748364848
260
214748364849
29
214748364850
14
214748364851
47
214748364852
35
214748364853
23
214748364854
7
214748364855
14
214748364856
34
214748364857
16
214748364858
1
214748364893
10
214748364897
1
214748364907
1
219043332128
109
219043332137
6
219043332140
34
219043332142
149
219043332143
12
219043332144
19
219043332145
51
219043332146
10
219043332147
19
219043332148
24
219043332149
18
219043332150
41
219043332151
20
219043332152
24
219043332153
17
219043332189
9
219043332193
4
223338299424
239
223338299433
9
223338299436
26
223338299438
90
223338299439
18
223338299440
26
223338299441
9
223338299442
9
223338299443
13
223338299444
13
223338299445
19
223338299446
19
223338299447
10
223338299448
13
223338299449
5
223338299485
10
223338299489
1
227633266720
76
227633266729
9
227633266732
21
227633266734
227
227633266735
21
227633266736
12
227633266737
16
227633266738
11
227633266739
9
227633266740
8
227633266741
12
227633266742
11
227633266743
3
227633266744
23
227633266745
8
227633266781
10
227633266785
2
231928234016
80
231928234025
5
231928234028
6
231928234029
2
231928234030
59
231928234031
22
231928234032
9
231928234033
10
231928234034
5
231928234035
3
231928234036
16
231928234037
3
231928234038
4
231928234039
3
231928234040
25
231928234041
13
231928234077
8
231928234081
2
236223201312
54
236223201321
5
236223201324
14
236223201325
1
236223201326
46
236223201327
30
236223201328
10
236223201329
17
236223201330
4
236223201331
5
236223201332
1
236223201333
15
236223201334
27
236223201335
21
236223201336
19
236223201337
10
236223201373
6
240518168608
66
240518168617
6
240518168620
18
240518168622
50
240518168623
52
240518168624
36
240518168625
12
240518168626
14
240518168627
16
240518168628
12
240518168629
33
240518168630
15
240518168631
26
240518168632
30
240518168633
21
240518168669
6
240518168673
2
244813135904
55
244813135913
6
244813135916
6
244813135917
3
244813135918
29
244813135919
28
244813135920
9
244813135921
14
244813135922
15
244813135923
9
244813135924
58
244813135925
42
244813135926
25
244813135927
76
244813135928
164
244813135929
171
244813135965
6
244813135969
1
249108103200
134
249108103202
1
249108103268
1
249108103282
1
253403070496
73
253403070572
1
253403070581
16
261993005088
2
390842023985
44
390842023986
20
390842023987
4
390842023988
4
390842023989
4
390842023990
4
390842023991
4
390842023992
4
390842023993
4
390842024033
2
399431958560
82
399431958645
1
412316860448
6
416611827744
5085
416611827746
45
416611827751
16
416611827753
68
416611827756
203
416611827757
103
416611827758
27
416611827759
49
416611827762
5
416611827770
3
416611827771
16
416611827808
6
416611827809
1381
416611827810
667
416611827811
178
416611827812
1258
416611827813
195
416611827814
37
416611827815
315
416611827816
212
416611827817
361
416611827818
317
416611827819
847
416611827820
3200
416611827821
1174
416611827822
1950
416611827823
156
416611827824
151
416611827825
2
416611827826
2016
416611827827
2736
416611827828
2558
416611827829
276
416611827830
831
416611827831
17
416611827832
20
416611827834
39
420906779303
2
420906779309
1
420906779310
1
420906779313
38
420906779317
50
420906779322
9
420906779324
30
420906779531
3
420906779533
4
420906779559
2
420906779580
2
420906779778
25
420906779780
5
420906779801
13
420906779803
2
420906779809
3
420906779834
1
420906779838
11
420906795040
635
420906795042
1
420906795049
45
420906795052
52
420906795053
1
420906795054
15
420906795105
300
420906795106
9
420906795107
4
420906795108
6
420906795109
360
420906795111
4
420906795113
290
420906795114
5
420906795115
2
420906795116
94
420906795118
24
420906795119
128
420906795122
69
420906795123
33
420906795125
46
420906795126
6
420906795129
24
420906795130
2
425201746593
2
425201746601
9
425201746605
1
425201746616
2
425201746620
3
425201746817
6
425201746835
2
425201747089
1
425201762336
53
425201762338
1
425201762345
31
425201762348
2
425201762349
5
425201762350
10
425201762351
1
425201762358
1
425201762401
245
425201762403
23
425201762404
1
425201762405
161
425201762408
960
425201762409
435
425201762410
15
425201762411
55
425201762412
34
425201762413
4
425201762414
40
425201762415
207
425201762418
19
425201762419
16
425201762420
196
425201762421
69
425201762422
1
425201762423
3
425201762425
14
425201762426
40
429496713897
2
429496713898
1
429496713901
17
429496714155
10
429496714370
3
429496729632
2546
429496729634
5
429496729639
52
429496729641
41
429496729644
158
429496729645
13
429496729646
36
429496729647
2
429496729658
7
429496729659
6
429496729693
1
429496729697
1481
429496729698
9
429496729699
1
429496729700
6
429496729701
2057
429496729703
2
429496729704
37
429496729705
1537
429496729706
16
429496729707
54
429496729708
89
429496729709
160
429496729710
40
429496729711
445
429496729712
9
429496729714
69
429496729715
71
429496729716
14
429496729717
800
429496729718
47
429496729719
13
429496729721
46
429496729722
48
433791681185
1
433791681188
1
433791681193
5
433791681197
2
433791681203
4
433791681205
45
433791681212
3
433791681421
7
433791681427
2
433791681435
4
433791681451
1
433791681681
1
433791681711
10
433791681722
1
433791681726
9
433791696928
5744
433791696930
35
433791696936
12
433791696937
83
433791696940
311
433791696941
43
433791696942
24
433791696943
88
433791696946
5
433791696947
2
433791696948
1
433791696949
1
433791696950
1
433791696954
9
433791696955
6
433791696993
1030
433791696994
154
433791696995
397
433791696996
1055
433791696997
1074
433791696998
27
433791696999
955
433791697000
445
433791697001
608
433791697002
66
433791697003
1300
433791697004
2058
433791697005
1317
433791697006
2308
433791697007
168
433791697008
171
433791697009
3
433791697010
2422
433791697011
2615
433791697012
1880
433791697013
264
433791697014
873
433791697015
23
433791697016
86
433791697017
13
433791697018
31
438086648481
3
438086648484
2
438086648485
2
438086648493
1
438086648501
41
438086648508
56
438086648715
6
438086648717
5
438086648737
1
438086648766
8
438086648993
1
438086649020
2
438086651323
2
438086664224
136
438086664226
1
438086664233
10
438086664289
137
438086664290
1
438086664293
104
438086664294
20
438086664295
8
438086664296
1
438086664297
474
438086664298
1
438086664300
26
438086664301
1
438086664303
63
438086664306
72
438086664307
14
438086664308
51
438086664309
31
438086664313
14
442381615780
5
442381615789
2
442381615798
9
442381615800
5
442381615802
2
442381615804
72
442381616273
2
442381631520
319
442381631522
5
442381631529
10
442381631532
5
442381631533
6
442381631534
25
442381631535
2
442381631585
727
442381631586
1
442381631588
83
442381631589
759
442381631590
7
442381631591
5
442381631592
26
442381631593
1484
442381631595
44
442381631596
28
442381631597
45
442381631598
122
442381631599
95
442381631600
2
442381631602
109
442381631603
71
442381631604
14
442381631605
664
442381631607
1
442381631609
141
442381631610
7
446676583073
1
446676583076
3
446676583081
20
446676583085
37
446676583091
3
446676583094
2
446676583100
8
446676583335
1
446676583554
1
446676583585
1
446676583595
2
446676598816
109
446676598818
1
446676598825
7
446676598829
5
446676598830
15
446676598843
4
446676598881
710
446676598882
14
446676598884
1
446676598885
848
446676598886
1
446676598888
39
446676598889
998
446676598890
31
446676598891
16
446676598892
47
446676598893
9
446676598894
241
446676598895
267
446676598898
25
446676598899
23
446676598900
287
446676598901
232
446676598902
23
446676598903
11
446676598905
15
446676598906
2
450971550369
2
450971550372
13
450971550373
1
450971550374
1
450971550377
15
450971550389
56
450971550390
18
450971550392
3
450971550396
11
450971550397
2
450971550593
2
450971566112
2752
450971566114
12
450971566121
59
450971566124
111
450971566125
25
450971566126
6
450971566127
45
450971566139
3
450971566177
1274
450971566178
84
450971566179
605
450971566180
1395
450971566181
832
450971566182
405
450971566183
852
450971566184
69
450971566185
1832
450971566186
334
450971566187
2671
450971566188
857
450971566189
1044
450971566190
2641
450971566191
880
450971566192
351
450971566193
80
450971566194
620
450971566195
3818
450971566196
2478
450971566197
96
450971566198
598
450971566199
12
450971566200
1
450971566202
94
455266517664
1
455266517665
14
455266517668
1
455266517672
3
455266517673
4
455266517674
1
455266517675
38
455266517677
1
455266517683
15
455266517685
42
455266517692
4
455266517899
10
455266517901
9
455266517913
1
455266517943
3
455266518148
2
455266518177
5
455266518195
3
455266518204
1
455266520497
10
455266533408
15
455266533417
4
455266533422
1
455266533473
2346
455266533476
1
455266533477
127
455266533478
1
455266533481
18
455266533483
8
455266533485
1
455266533486
41
455266533487
137
455266533491
17
455266533493
261
455266533494
6
455266533498
2
459561484964
184
459561484966
1
459561484981
10
459561484982
1
459561484986
1
459561485185
2
459561485189
18
459561500704
369
459561500706
23
459561500713
10
459561500716
19
459561500717
4
459561500718
2
459561500719
4
459561500730
1
459561500731
3
459561500769
1378
459561500771
3
459561500772
18
459561500773
914
459561500775
1
459561500776
62
459561500777
611
459561500778
1
459561500779
285
459561500780
377
459561500781
431
459561500782
6
459561500783
1926
459561500786
114
459561500787
883
459561500788
997
459561500789
2050
459561500790
316
459561500791
6
459561500793
1
463856452257
124
463856452260
188
463856452265
17
463856452277
201
463856452278
7
463856452280
2
463856452284
46
463856452285
13
463856452481
23
463856452485
2
463856452493
1
463856452540
2
463856452769
9
463856452787
3
463856455300
1
463856468000
1175
463856468002
2
463856468007
32
463856468008
3
463856468009
6
463856468012
119
463856468013
27
463856468014
24
463856468015
1
463856468018
2
463856468019
1
463856468026
5
463856468027
1
463856468065
1416
463856468066
8
463856468067
7
463856468068
492
463856468069
2017
463856468070
6
463856468071
190
463856468072
30
463856468073
3251
463856468074
357
463856468075
105
463856468076
787
463856468077
273
463856468078
79
463856468079
1202
463856468080
11
463856468081
1
463856468082
1
463856468083
177
463856468084
817
463856468085
516
463856468086
38
463856468087
3
463856468089
9
463856468090
1
468151419553
15
468151419556
152
468151419558
14
468151419560
1
468151419561
21
468151419565
7
468151419571
54
468151419572
29
468151419573
235
468151419574
3
468151419580
22
468151419777
2
468151419781
1
468151419795
1
468151419799
2
468151419801
5
468151419819
5
468151420049
1
468151420079
1
468151435296
291
468151435298
2
468151435302
2
468151435305
5
468151435308
21
468151435309
10
468151435310
3
468151435311
1
468151435322
2
468151435323
1
468151435361
2065
468151435362
215
468151435364
8
468151435365
2079
468151435366
4
468151435367
6
468151435368
2
468151435369
2605
468151435371
58
468151435372
2
468151435373
187
468151435374
55
468151435375
127
468151435376
58
468151435378
5
468151435379
41
468151435380
20
468151435381
462
468151435382
8
468151435383
1
468151435385
4
472446386849
5
472446386852
112
472446386857
47
472446386861
1
472446386867
1
472446386869
85
472446386870
10
472446386876
74
472446387073
8
472446387095
10
472446387099
6
472446387115
1
472446387330
1
472446387345
1
472446387377
1
472446402592
1003
472446402594
23
472446402600
1
472446402601
41
472446402604
19
472446402605
18
472446402606
1
472446402607
9
472446402611
1
472446402613
1
472446402614
2
472446402618
1
472446402619
1
472446402657
771
472446402658
4
472446402659
107
472446402660
1769
472446402661
1830
472446402662
65
472446402663
603
472446402664
31
472446402665
2588
472446402666
1
472446402667
231
472446402668
46
472446402669
56
472446402670
668
472446402671
232
472446402672
18
472446402673
3
472446402674
19
472446402675
410
472446402676
740
472446402677
598
472446402678
17
472446402679
3
472446402681
38
472446402682
19
476741354145
43
476741354148
53
476741354150
5
476741354151
6
476741354153
40
476741354157
132
476741354163
5
476741354165
162
476741354166
3
476741354170
1
476741354173
14
476741354369
3
476741354381
9
476741354391
12
476741354393
15
476741354395
2
476741354411
2
476741354641
3
476741354684
50
476741354686
9
476741369888
394
476741369890
10
476741369897
11
476741369900
9
476741369901
53
476741369903
24
476741369953
12
476741369954
135
476741369955
138
476741369956
277
476741369957
111
476741369958
204
476741369959
769
476741369960
311
476741369961
89
476741369962
82
476741369963
467
476741369964
2108
476741369965
972
476741369966
1427
476741369967
1868
476741369968
215
476741369969
1
476741369970
969
476741369971
517
476741369972
472
476741369973
117
476741369974
263
476741369975
35
476741369976
2
476741369977
20
476741369978
26
481036321468
2
481036321677
1
481036321697
21
481036321699
25
481036321719
1
481036321922
9
481036321924
8
481036321945
2
481036321953
16
481036321980
6
481036321982
1
481036324271
3
481036324274
1
481036324275
25
481036324276
6
481036324280
1
481036324282
2
481036324283
28
481036324284
7
481036324480
3
481036324481
1
481036324482
3
481036324485
8
481036324487
3
481036324488
1
481036337184
44
481036337198
1
481036337199
5
481036337249
305
481036337253
797
481036337254
23
481036337256
32
481036337257
348
481036337260
435
481036337261
2
481036337262
10
481036337263
436
481036337264
233
481036337266
359
481036337267
104
481036337268
52
481036337269
281
485331288740
259
485331288742
4
485331288745
38
485331288749
2
485331288755
1
485331288756
4
485331288757
156
485331288758
3
485331288762
2
485331288764
12
485331288961
1
485331288979
2
485331289218
1
485331289241
1
485331289249
1
485331304480
1
485331304489
2
485331304545
1
485331304565
131
485331304567
1
489626271776
622
489626271778
45
489626271784
16
489626271785
25
489626271788
18
489626271789
45
489626271790
17
489626271791
24
489626271794
1
489626271841
1249
489626271842
31
489626271843
256
489626271844
243
489626271845
1051
489626271846
4
489626271847
558
489626271848
243
489626271849
2437
489626271850
91
489626271851
133
489626271852
68
489626271853
209
489626271854
79
489626271855
690
489626271856
28
489626271857
24
489626271858
205
489626271859
724
489626271860
576
489626271861
406
489626271862
182
489626271863
14
489626271865
114
489626271866
66
493921223329
12
493921223332
21
493921223333
2
493921223337
15
493921223338
1
493921223341
5
493921223347
3
493921223349
4
493921223350
8
493921223352
1
493921223354
1
493921223356
29
493921223553
1
493921223571
1
493921223577
1
493921223585
12
493921223587
7
493921223595
4
493921223851
1
493921223855
1
493921223870
1
493921239072
2670
493921239074
18
493921239081
36
493921239084
201
493921239085
63
493921239086
30
493921239087
15
493921239093
1
493921239094
1
493921239098
101
493921239099
10
493921239137
1126
493921239138
28
493921239139
300
493921239140
9
493921239141
4534
493921239142
7
493921239143
11
493921239144
60
493921239145
1752
493921239146
171
493921239147
665
493921239148
251
493921239149
77
493921239150
73
493921239151
433
493921239152
286
493921239154
426
493921239155
243
493921239156
5037
493921239157
845
493921239158
96
493921239159
8
493921239161
77
493921239162
116
498216190625
1
498216190627
1
498216190628
136
498216190633
6
498216190637
2
498216190645
90
498216190646
12
498216190648
2
498216190652
107
498216190849
4
498216191106
1
498216206368
2286
498216206370
29
498216206376
20
498216206377
36
498216206380
226
498216206381
12
498216206382
32
498216206383
25
498216206386
1
498216206387
1
498216206388
4
498216206389
1
498216206390
1
498216206394
2
498216206395
17
498216206433
3155
498216206434
8
498216206435
4
498216206436
5
498216206437
4549
498216206438
4
498216206439
9
498216206440
159
498216206441
2193
498216206442
29
498216206443
26
498216206444
231
498216206445
203
498216206446
51
498216206447
922
498216206448
11
498216206450
554
498216206451
1773
498216206452
244
498216206453
3511
498216206454
166
498216206455
22
498216206457
79
498216206458
4
502511157920
44
502511157921
14
502511157924
171
502511157925
4
502511157926
1
502511157928
3
502511157929
76
502511157933
13
502511157939
4
502511157941
280
502511157942
255
502511157946
12
502511157948
45
502511158145
17
502511158149
15
502511158163
1
502511158187
1
502511158425
6
502511158433
17
502511158443
17
502511158447
2
502511160751
1
502511173664
482
502511173666
8
502511173673
8
502511173676
13
502511173677
5
502511173678
3
502511173679
3
502511173683
1
502511173729
170
502511173730
162
502511173731
47
502511173732
1526
502511173733
176
502511173734
10
502511173735
127
502511173736
171
502511173737
271
502511173738
23
502511173739
226
502511173740
671
502511173741
523
502511173742
1190
502511173743
56
502511173744
133
502511173746
1027
502511173747
3458
502511173748
1665
502511173749
578
502511173750
201
502511173751
12
502511173752
37
502511173754
19
506806125220
1
506806125223
1
506806125225
4
506806125229
1
506806125233
3
506806125237
2
506806125244
2
506806125453
6
506806125473
1
506806125475
4
506806125698
9
506806125729
28
506806125758
4
506806128050
2
506806140960
371
506806140962
2
506806140969
6
506806140974
15
506806140986
1
506806141025
2360
506806141026
11
506806141028
3
506806141029
674
506806141033
587
506806141034
4
506806141035
2
506806141036
13
506806141037
6
506806141038
34
506806141039
132
506806141041
2
506806141042
7
506806141043
13
506806141044
2
506806141045
240
506806141046
2
506806141049
43
511101092513
12
511101092516
585
511101092517
11
511101092518
1
511101092521
14
511101092525
16
511101092533
805
511101092541
6
511101092763
10
511101093025
10
511101095345
4
511101095348
1
511101095349
4
511101095353
2
511101095556
5
511101095561
1
511101108256
28
511101108258
5
511101108265
1
511101108269
3
511101108270
2
511101108271
3
511101108321
46
511101108325
62
511101108328
3
511101108329
45
511101108331
6
511101108332
1
511101108333
1
511101108334
13
511101108335
10
511101108338
12
511101108339
3
511101108340
1
511101108343
1
511101108345
33
515396060290
4
515396075552
37
515396075561
2
515396075565
1
515396075567
1
515396075617
47
515396075619
1
515396075621
36
515396075625
16
515396075627
3
515396075632
3
519691027113
1
519691042848
207
519691042850
14
519691042857
14
519691042860
16
519691042867
2
519691042875
9
519691042913
59
519691042914
2
519691042915
69
519691042916
39
519691042917
10
519691042919
29
519691042920
2
519691042921
7
519691042922
2
519691042923
14
519691042924
26
519691042925
17
519691042926
84
519691042927
3
519691042928
16
519691042930
23
519691042931
74
519691042932
42
519691042934
1
519691042935
1
519691042938
3
523985994401
6
523985994413
6
523985994419
7
523985994422
2
523985994913
2
523985994940
9
523986010144
30
523986010146
1
523986010153
1
523986010156
1
523986010158
1
523986010209
65
523986010210
3
523986010211
3
523986010212
23
523986010213
77
523986010215
1
523986010216
1
523986010217
171
523986010218
8
523986010219
25
523986010221
2
523986010222
41
523986010223
45
523986010224
6
523986010227
10
523986010228
37
523986010229
11
523986010231
2
523986010233
13
523986010234
5
528280961697
49
528280961709
2
528280961724
3
528280961921
1
528280961925
3
528280962193
2
528280962201
4
532575944736
2652
18438158623063408672
91
18438158623063408747
1
18438158623063408748
3
18446676586888429600
2
18446676586888429667
1
18446676591183396896
45
18446676595478364192
144
18446676595478364201
9
18446676595478364259
9
18446676595478364260
4
18446676595478364263
39
18446676595478364266
2
18446676595478364267
1
18446676595478364268
15
18446676595478364269
2
18446676595478364270
14
18446676595478364272
8
18446676595478364274
24
18446676595478364275
11
18446676595478364276
18
18446676595478364278
4
18446676595478364282
2
18446676599773316232
1
18446676599773316249
4
18446676599773316286
2
18446676604068298863
4
18446676608363266080
1
18446676608363266093
1
18446676608363266095
1
18446676608363266146
104
18446676608363266148
145
18446676608363266149
138
18446676608363266150
2
18446676608363266151
5
18446676608363266152
273
18446676608363266153
163
18446676608363266155
33
18446676608363266156
309
18446676608363266157
70
18446676608363266158
39
18446676608363266159
5
18446676608363266160
11
18446676608363266162
444
18446676608363266163
64
18446676608363266164
164
18446676608363266166
4
18446676608363266169
1
18446676612658217631
2
18446676612658217636
129
18446676612658233442
1
18446676612658233444
2
18446676612658233445
4
18446676612658233452
1
18446676612658233458
13
18446676612658233461
1
18446676616953200740
4
18446676616953200743
14
18446676616953200747
1
18446676616953200748
1
18446676616953200749
1
18446676616953200750
1
18446676616953200754
2
18446676616953200755
2
18446676616953200758
1
18446676621248168033
6
18446676625543119523
3
18446676625543135346
16
18446676625543135347
1
18446676629838102560
53
18446676629838102562
1
18446676629838102568
2
18446676629838102625
9
18446676629838102627
41
18446676629838102628
60
18446676629838102629
2
18446676629838102631
7
18446676629838102632
10
18446676629838102635
17
18446676629838102636
8
18446676629838102637
8
18446676629838102638
16
18446676629838102639
3
18446676629838102640
6
18446676629838102642
36
18446676629838102643
48
18446676629838102644
29
18446676629838102646
1
18446676629838102650
1
18446676634133054121
2
18446676634133069934
1
18446676634133069940
1
18446676634133069941
1
18446676638428037167
38
18446676647017971744
116
18446676647017971746
7
18446676647017971753
1
18446676647017971756
2
18446676647017971809
44
18446676647017971811
7
18446676647017971812
2
18446676647017971814
1
18446676647017971816
2
18446676647017971819
13
18446676647017971820
1
18446676647017971821
12
18446676647017971822
20
18446676647017971826
1
18446676647017971827
4
18446676647017971828
20
18446676647017971830
2
18446676647017971834
4
18446676651312939124
1
18446676664197840993
41
18446676672787775520
4
18446676672787775588
2
18446676672787775591
56
18446676672787775596
2
18446676672787775597
1
18446676672787775598
11
18446676672787775600
2
18446676672787775602
3
18446676672787775603
3
18446676672787775607
13
18446676672787775610
3
18446676677082742893
29
18446676677082742898
4
18446676681377710178
1
18446676681377710180
34
18446676681377710181
331
18446676681377710184
149
18446676681377710185
930
18446676681377710186
16
18446676681377710187
1
18446676681377710188
129
18446676681377710189
7
18446676681377710190
80
18446676681377710191
4
18446676681377710192
374
18446676681377710194
146
18446676681377710195
7
18446676681377710196
195
18446676681377710197
181
18446676681377710198
1
18446676685672661685
6
18446676685672677408
34
18446676685672677423
1
18446676685672677473
11
18446676685672677474
7
18446676685672677476
24
18446676685672677477
3
18446676685672677478
1
18446676685672677479
18
18446676685672677480
3
18446676685672677482
2
18446676685672677483
57
18446676685672677484
18
18446676685672677485
3
18446676685672677486
11
18446676685672677487
1
18446676685672677488
2
18446676685672677490
25
18446676685672677491
73
18446676685672677492
76
18446676685672677494
6
18446676689967628982
275
18446676694262612066
1
18446676694262612068
1
18446676694262612071
2
18446676694262612074
4
18446676694262612076
1
18446676694262612078
2
18446676694262612082
6
18446676702852546658
2
18446676702852546660
9
18446676702852546674
14
18446676702852546675
1
18446676702852546676
1
18446676702852546682
3
18446676711442481184
31
18446676711442481193
2
18446676711442481196
35
18446676711442481250
14
18446676711442481252
2
18446676711442481254
16
18446676711442481255
27
18446676711442481256
170
18446676711442481259
72
18446676711442481260
290
18446676711442481261
21
18446676711442481262
53
18446676711442481263
3
18446676711442481264
6
18446676711442481266
42
18446676711442481267
117
18446676711442481268
35
18446676711442481274
1
18446676715737432735
1
18446676715737432764
89
18446676715737448480
22
18446676715737448547
10
18446676715737448564
3
18446677557551038496
10
18446677557551038563
7
18446677557551038564
2
18446677557551038570
1
18446677557551038572
3
18446677557551038573
4
18446677557551038574
2
18446677557551038578
19
18446677557551038579
8
18446677557551038580
19
18446677561845990590
1
18446677574730907680
28
18446677574730907692
2
18446677574730907747
5
18446677574730907748
1
18446677574730907760
2
18446677574730907763
1
18446677600500711456
1
18446677600500711525
5
18446677600500711529
11
18446677600500711530
7
18446677604795663243
2
18446677609090646113
2
18446677609090646117
63
18446677609090646121
2
18446677609090646122
1
18446677609090646126
15
18446677613385597613
2
18446677634860449824
1
18446677634860449891
1
18446677634860449892
1
18446677634860449898
1
18446677634860449901
1
18446677634860449906
2
18446677639155401889
2
18446677652040319008
6
18446677652040319082
10
18446677652040319091
8
18446677660630253600
14
18446677660630253667
1
18446677660630253671
6
18446677660630253684
1
18446677669220188194
2
18446677669220188260
7
18446677669220188268
3
18446677669220188270
2
18446677669220188274
3
18446677669220188276
4
18446677673515140249
1
18446677694989991968
1
18446677694989992037
4
18446677694989992041
34
18446677703579926625
2
18446677703579926633
34
18446677703579926645
2
18446677720759795809
3
18446677720759795826
1
18446677725054747559
1
18446677737939664994
13
18446677737939664996
3
18446677737939664999
3
18446677737939665006
6
18446677737939665012
2
18446677789479272553
10
18446677810954109025
3
18446677810954109045
1
18446677819544043552
1
18446677819544043635
7
18446678661357633568
21
18446678661357633633
10
18446678661357633635
2
18446678661357633637
5
18446678661357633647
9
18446678661357633653
5
18446678661357633657
1
18446678665652585139
3
18446678669947568162
1
18446678669947568227
5
18446678669947568243
9
18446678687127437427
1
18446678725782143008
4
18446678725782143021
1
18446678725782143079
2
18446678725782143081
2
18446678725782143090
1
18446678725782143098
1
18446678760141881376
2
18446678760141881378
1
18446678760141881388
2
18446678760141881445
4
18446678760141881454
3
18446678760141881455
3
18446678760141881459
12
18446678764436832941
6
18446678768731816035
2
18446678768731816044
1
18446678768731816050
2
18446678794501619744
1
18446678794501619809
5
18446678794501619811
5
18446678794501619813
42
18446678794501619817
1
18446678794501619819
57
18446678794501619822
1
18446678794501619823
8
18446678794501619824
5
18446678794501619828
12
18446678798796571309
2
18446678798796571563
3
18446678798796571809
2
18446678837451292786
16
18446678837451292788
2
18446678841746244769
2
18446678854631161888
1
18446678854631161890
2
18446678854631161965
1
18446678854631161971
10
18446678863221096566
1
18446678871811031072
6
18446678901875802217
1
18446678901875802222
1
18446678910465736809
1
18446678910465736810
1
18446678910465736814
6
18446678910465736819
8
18446678910465736821
1
18446678910465736825
51
18446678919055671328
1
18446678919055671342
1
18446678919055671393
2
18446678919055671397
6
18446678919055671401
15
18446678919055671406
2
18446678919055671407
1
18446678919055671413
2
18446678919055671417
10
18446688737350909984
4
18446688741645864372
2
18446688741645864578
39
18446688741645864579
4
18446688741645864580
9
18446688745940831665
1
18446688745940831674
1
18446688745940831675
2
18446688745940831677
2
18446688745940831872
1
18446688745940831873
4
18446688745940844576
66
18446688745940844589
1
18446688750235798972
11
18446688750235799169
2
18446688750235799170
44
18446688750235799172
1
18446688750235811872
1
18446688750235811951
5
18446688754530766257
73
18446688754530766260
3
18446688754530766266
6
18446688754530766271
20
18446688754530766464
3
18446688754530766468
6
18446688754530766473
3
18446688758825746464
67
18446688758825746477
1
18446688758825746479
1
18446688758825746482
1
18446688758825746550
5
18446688763120700847
7
18446688763120700850
1
18446688763120700851
7
18446688763120700852
3
18446688763120700856
9
18446688763120700857
40
18446688763120700858
15
18446688763120700859
7
18446688763120700860
5
18446688763120700861
17
18446688763120700862
1
18446688763120701056
6
18446688763120701057
20
18446688763120701058
30
18446688763120701059
10
18446688763120701060
69
18446688763120701061
4
18446688763120701062
7
18446688763120713769
1
18446688763120713840
1
18446688767415668145
3
18446688767415668149
2
18446688767415668153
4
18446688767415668159
7
18446688767415681135
1
18446688767415681142
2
18446688771710635437
1
18446688771710635439
49
18446688771710635441
4
18446688771710635443
12
18446688771710635445
28
18446688771710635447
1
18446688771710635449
23
18446688771710635450
2
18446688771710635453
4
18446688771710635455
3
18446688771710635649
8
18446688771710635653
2
18446688771710648431
6
18446688776005602735
4
18446688776005602737
1
18446688776005602741
13
18446688776005602743
1
18446688776005602745
24
18446688776005602751
13
18446688776005602945
5
18446688776005602953
2
18446688776005615648
3
18446688776005615657
2
18446688776005615662
3
18446688776005615734
2
18446688780300570031
22
18446688780300570034
2
18446688780300570035
9
18446688780300570036
2
18446688780300570037
4
18446688780300570040
5
18446688780300570041
31
18446688780300570042
9
18446688780300570043
43
18446688780300570044
1
18446688780300570045
8
18446688780300570240
14
18446688780300570241
10
18446688780300570243
3
18446688780300570244
3
18446688780300570245
35
18446688780300570246
2
18446688780300570247
11
18446688780300570253
1
18446688784595550240
10
18446688784595550326
2
18446688788890504627
1
18446688788890504635
10
18446688788890504636
4
18446688788890504637
12
18446688788890504833
2
18446688788890504834
14
18446688788890504835
11
18446688788890504836
17
18446688788890504839
3
18446688788890517545
1
18446688788890517615
7
18446688793185471921
2
18446688793185471925
5
18446688793185471927
4
18446688793185471933
5
18446688793185471935
4
18446688793185472129
3
18446688793185472142
3
18446688793185484832
17
18446688793185484846
3
18446688793185484911
13
18446688793185484918
5
18446688797480439212
4
18446688797480439217
43
18446688797480439220
24
18446688797480439221
5
18446688797480439223
7
18446688797480439226
135
18446688797480439228
5
18446688797480439229
7
18446688797480439231
24
18446688797480439424
1
18446688797480439425
17
18446688797480439427
25
18446688797480439428
6
18446688797480439433
1
18446688797480439438
3
18446688797480452207
1
18446688801775406508
4
18446688801775406510
93
18446688801775406513
22
18446688801775406516
1
18446688801775406517
6
18446688801775406519
8
18446688801775406527
14
18446688801775406720
4
18446688801775406721
4
18446688801775406724
12
18446688801775406732
30
18446688801775406733
39
18446688801775406734
7
18446688801775419503
28
18446688806070373804
40
18446688806070373806
7
18446688806070373807
1
18446688806070373809
4
18446688806070373813
14
18446688806070373815
2
18446688806070373817
7
18446688806070373819
42
18446688806070373820
3
18446688806070373823
35
18446688806070374021
2
18446688806070374022
2
18446688806070374025
4
18446688806070374030
2
18446688806070386799
2
18446688810365341100
5
18446688810365341101
3
18446688810365341102
6
18446688810365341103
4
18446688810365341105
46
18446688810365341106
7
18446688810365341109
5
18446688810365341111
4
18446688810365341113
6
18446688810365341116
3
18446688810365341119
5
18446688810365341312
1
18446688810365341317
1
18446688810365341321
2
18446688810365341326
2
18446688810365354016
37
18446688810365354030
1
18446688810365354031
1
18446688810365354095
6
18446688814660308399
3
18446688814660308401
10
18446688814660308404
1
18446688814660308405
13
18446688814660308407
1
18446688814660308409
24
18446688814660308415
34
18446688814660308612
12
18446688814660308617
9
18446688814660308622
5
18446688818955275705
1
18446688818955288608
34
18446688818955288621
2
18446688823250242991
2
18446688823250242993
1
18446688823250242994
1
18446688823250242995
32
18446688823250242996
16
18446688823250243000
1
18446688823250243001
18
18446688823250243002
5
18446688823250243003
40
18446688823250243004
5
18446688823250243005
19
18446688823250243200
10
18446688823250243201
6
18446688823250243202
55
18446688823250243203
16
18446688823250243204
4
18446688823250243205
36
18446688823250243206
2
18446688823250243207
2
18446688823250243208
1
18446688823250243213
16
18446689647883976745
1
18446689647883976815
1
18446689647883976822
1
18446689652178931121
26
18446689652178931125
5
18446689652178931128
1
18446689652178931129
19
18446689652178931131
6
18446689652178931133
1
18446689652178931135
24
18446689652178931329
49
18446689652178931332
15
18446689652178931333
2
18446689652178931340
1
18446689652178944111
14
18446689656473898413
1
18446689656473898417
17
18446689656473898419
30
18446689656473898420
2
18446689656473898421
4
18446689656473898423
6
18446689656473898424
4
18446689656473898425
51
18446689656473898428
5
18446689656473898431
67
18446689656473898629
4
18446689656473898631
12
18446689656473898633
2
18446689656473898636
9
18446689656473898637
2
18446689656473898638
3
18446689656473911328
185
18446689656473911330
2
18446689656473911340
2
18446689665063833006
1
18446689665063833007
2
18446689665063833009
3
18446689665063833015
23
18446689665063833016
2
18446689665063833017
7
18446689665063833018
6
18446689665063833023
4
18446689665063833219
3
18446689665063833220
33
18446689665063833221
7
18446689665063833223
9
18446689665063833225
1
18446689665063833228
1
18446689665063845934
3
18446689665063845999
8
18446689669358800300
2
18446689669358800301
6
18446689669358800302
10
18446689669358800303
7
18446689669358800305
14
18446689669358800309
21
18446689669358800311
26
18446689669358800313
51
18446689669358800315
5
18446689669358800316
6
18446689669358800319
35
18446689669358800513
53
18446689669358800515
1
18446689669358800517
13
18446689669358800521
6
18446689669358800524
3
18446689669358813216
16
18446689669358813228
1
18446689669358813302
1
18446689673653767603
10
18446689673653767612
18
18446689673653767613
2
18446689673653767808
9
18446689673653767809
35
18446689673653767811
2
18446689673653767812
28
18446689673653767815
19
18446689677948734894
5
18446689677948734897
3
18446689677948734904
2
18446689677948735105
4
18446689677948735109
4
18446689677948735118
2
18446689677948747887
2
18446689682243702191
15
18446689682243702193
3
18446689682243702197
17
18446689682243702201
16
18446689682243702205
10
18446689682243702207
10
18446689682243702414
1
18446689686538669701
6
18446689686538682486
1
18446689690833636796
5
18446689690833636797
17
18446689690833636992
1
18446689690833636995
3
18446689690833636996
6
18446689699423584288
19
18446689703718538674
1
18446689703718538675
1
18446689703718538684
3
18446689703718538685
9
18446689703718538882
4
18446689703718538884
7
18446689703718551584
6
18446689708013505979
7
18446689708013505980
2
18446689708013506176
39
18446689708013506177
1
18446689708013506180
1
18446689708013506183
2
18446689708013518966
1
18446689712308473268
1
18446689712308473271
2
18446689712308473277
17
18446689712308473279
1
18446689712308473473
6
