2245
137438953506
123
137438953511
1
137438953512
621
137438953515
1
137438953517
94
137438953519
21
137438953520
1
137438953521
776
137438953522
421
137438953523
173
137438953524
117
137438953525
202
137438953526
43
137438953527
51
137438953528
44
137438953529
15
137438953563
48
137438953569
3039
137438953570
276
137438953571
381
137438953572
956
137438953573
1415
137438953574
225
137438953575
219
137438953576
1059
137438953577
659
137438953578
2529
137438953579
3068
137438953580
1044
137438953581
1375
137438953582
631
137438953583
2195
137438953584
1412
137438953585
19
137438953586
560
137438953587
2069
137438953588
3397
137438953589
351
137438953590
2443
137438953591
77
137438953592
1
137438953593
638
137438953594
94
137438953596
2652
141731921812
95
141733905057
7
141733905060
16
141733905061
2
141733905065
14
141733905077
6
141733905078
5
141733905080
2
141733905082
1
141733905084
19
141733905281
6
141733905291
5
141733905293
5
141733905313
3
141733905315
2
141733905335
6
141733905538
2
141733905561
2
141733905563
3
141733905569
37
141733905598
2
141733907884
3
141733907886
3
141733907889
41
141733907890
3
141733907891
11
141733907892
7
141733907893
38
141733907895
1
141733907896
9
141733907897
18
141733907898
22
141733907899
1
141733907900
17
141733907901
25
141733907903
23
141733908096
49
141733908097
3
141733908099
23
141733908100
28
141733908101
13
141733908102
7
141733908103
13
141733908104
4
141733908105
2
146028888096
96
146028888104
1
146028888105
90
146028888108
14
146028888109
12
146028888110
1
146028888113
2
146028888161
23
146028888162
23
146028888163
2
146028888164
32
146028888165
11
146028888166
21
146028888167
9
146028888168
6
146028888169
8
146028888171
26
146028888172
12
146028888173
71
146028888174
14
146028888175
18
146028888176
23
146028888178
2
146028888179
40
146028888180
9
146028888181
11
146028888182
19
146028888183
5
146028888185
4
146028888186
5
150321856404
2
150323839657
2
150323839674
1
150323839676
1
150323839885
2
150323842495
1
150323842692
1
163208757363
2
167503724576
16
167503724641
16
167503724645
49
167503724648
1
167503724649
7
167503724655
3
167503724659
1
167503724661
1
171798676137
6
171798678961
1
171798691874
262
171798691885
4
171798691889
11
171798691890
12
171798691891
12
171798691892
6
171798691893
3
171798691894
4
171798691895
2
171798691896
1
171798691897
1
171798691937
56
171798691938
19
171798691939
3
171798691940
22
171798691941
39
171798691942
4
171798691943
1
171798691944
6
171798691945
30
171798691946
4
171798691947
17
171798691948
16
171798691949
21
171798691950
22
171798691951
3
171798691952
20
171798691954
17
171798691955
31
171798691956
12
171798691957
6
171798691958
35
171798691961
5
171798691962
1
176093643432
10
176093643433
1
176093643452
1
176093646257
1
176093646261
1
176093646266
1
176093646468
4
176093659168
537
176093659170
26
176093659176
1
176093659177
3
176093659180
51
176093659182
5
176093659183
11
176093659186
1
176093659194
5
176093659195
11
176093659233
8
176093659234
3
176093659235
1
176093659236
4
176093659239
1
176093659240
2
176093659241
1
176093659243
4
176093659244
2
176093659245
2
176093659248
1
176093659250
5
176093659251
4
176093659252
18
176093659253
1
176093659254
8
176093659255
1
176093659257
4
180388611202
1
184683593760
1
188978561056
2017
188978561058
9
188978561074
1
188978561075
1
188978561077
1
188978561122
1
188978561139
1
188978561140
1
193273515651
1
193273528352
516
193273528364
18
193273528365
336
193273528369
1
193273528417
46
193273528418
4
193273528419
3
193273528420
5
193273528421
9
193273528422
18
193273528423
6
193273528424
5
193273528425
23
193273528426
12
193273528427
23
193273528428
27
193273528429
6
193273528430
10
193273528431
32
193273528432
8
193273528433
2
193273528434
21
193273528435
4
193273528436
58
193273528437
4
193273528438
12
193273528439
1
193273528441
9
197568479905
1
197568479913
1
197568479926
1
197568480161
1
197568480167
1
197568482739
2
197568482944
1
197568495648
748
197568495650
8
197568495657
40
197568495660
1
197568495661
4
197568495665
105
197568495666
124
197568495667
54
197568495668
28
197568495669
21
197568495670
19
197568495671
18
197568495672
3
197568495673
2
197568495674
2
197568495713
32
197568495714
7
197568495715
10
197568495716
39
197568495717
17
197568495718
4
197568495719
1
197568495720
7
197568495721
10
197568495723
8
197568495724
1
197568495725
11
197568495726
2
197568495727
2
197568495728
1
197568495730
6
197568495731
9
197568495732
13
197568495733
23
197568495734
14
197568495738
3
201863447201
1
201863447222
1
201863450037
3
201863450041
3
201863450042
2
201863450044
1
201863450045
2
201863450240
10
201863450244
2
201863450245
4
201863462944
46
201863462961
56
201863462962
25
201863462963
23
201863462964
26
201863462965
7
201863462966
5
201863462967
1
201863462969
2
201863463009
25
201863463010
76
201863463011
3
201863463012
20
201863463013
89
201863463014
40
201863463015
6
201863463016
22
201863463017
9
201863463019
15
201863463020
13
201863463021
9
201863463022
4
201863463023
7
201863463024
14
201863463026
5
201863463027
9
201863463028
15
201863463029
2
201863463030
5
201863463033
2
201863463034
2
206158414518
2
206158417338
1
206158417340
1
206158430240
117
206158430249
9
206158430252
14
206158430254
25
206158430255
13
206158430256
239
206158430257
19
206158430258
17
206158430259
18
206158430260
125
206158430261
12
206158430262
14
206158430263
17
206158430264
3
206158430265
2
206158430267
1
206158430301
6
206158430305
1
206158430306
1
210451398548
5
210453397536
180
210453397545
10
210453397548
29
210453397549
2
210453397550
375
210453397551
12
210453397552
31
210453397553
36
210453397554
43
210453397555
34
210453397556
28
210453397557
28
210453397558
19
210453397559
19
210453397560
24
210453397561
435
210453397597
14
214746365844
12
214748364832
168
214748364841
7
214748364844
48
214748364846
155
214748364847
20
214748364848
265
214748364849
30
214748364850
15
214748364851
48
214748364852
37
214748364853
24
214748364854
8
214748364855
15
214748364856
35
214748364857
17
214748364858
1
214748364859
1
214748364893
11
219041333140
4
219043332128
144
219043332137
6
219043332140
27
219043332142
126
219043332143
12
219043332144
20
219043332145
52
219043332146
11
219043332147
20
219043332148
25
219043332149
19
219043332150
42
219043332151
21
219043332152
25
219043332153
18
219043332154
2
219043332189
10
223336300436
5
223338299424
269
223338299433
7
223338299436
31
223338299438
64
223338299439
18
223338299440
26
223338299441
10
223338299442
10
223338299443
15
223338299444
14
223338299445
19
223338299446
20
223338299447
10
223338299448
14
223338299449
7
223338299450
2
223338299485
10
227631267732
4
227633266720
98
227633266729
8
227633266732
23
227633266734
206
227633266735
21
227633266736
13
227633266737
17
227633266738
12
227633266739
10
227633266740
9
227633266741
13
227633266742
12
227633266743
4
227633266744
24
227633266745
9
227633266781
10
231926235028
6
231928234016
97
231928234025
8
231928234028
8
231928234030
45
231928234031
22
231928234032
10
231928234033
11
231928234034
6
231928234035
4
231928234036
17
231928234037
4
231928234038
4
231928234039
3
231928234040
25
231928234041
13
231928234043
1
231928234077
8
236221202324
1
236223201312
72
236223201321
7
236223201324
17
236223201326
28
236223201327
30
236223201328
10
236223201329
19
236223201330
4
236223201331
5
236223201332
1
236223201333
15
236223201334
27
236223201335
21
236223201336
19
236223201337
10
236223201373
6
240516169620
3
240518168608
91
240518168617
4
240518168620
20
240518168622
31
240518168623
52
240518168624
36
240518168625
12
240518168626
14
240518168627
16
240518168628
12
240518168629
33
240518168630
15
240518168631
26
240518168632
30
240518168633
21
240518168669
6
244811136916
3
244813135904
76
244813135913
6
244813135916
6
244813135917
1
244813135918
15
244813135919
28
244813135920
9
244813135921
14
244813135922
15
244813135923
9
244813135924
58
244813135925
42
244813135926
25
244813135927
76
244813135928
164
244813135929
172
244813135965
6
249106104212
6
249108103200
129
249108103202
1
249108103268
1
249108103278
2
249108103279
10
253403070496
97
253403070576
1
253403070578
1
253403070581
16
261993005088
2
390842023985
46
390842023986
21
390842023987
4
390842023988
4
390842023989
4
390842023990
4
390842023991
4
390842023992
4
390842023993
4
399431958560
71
399431958572
12
399431958645
1
412316860448
6
416611827744
7668
416611827746
64
416611827751
16
416611827753
93
416611827756
576
416611827757
61
416611827758
78
416611827759
48
416611827762
5
416611827770
7
416611827771
33
416611827808
6
416611827809
1926
416611827810
90
416611827811
172
416611827812
260
416611827813
116
416611827814
32
416611827815
176
416611827816
191
416611827817
2000
416611827818
429
416611827819
1023
416611827820
2708
416611827821
1691
416611827822
3633
416611827823
8
416611827824
235
416611827825
2
416611827826
2136
416611827827
2051
416611827828
2248
416611827829
531
416611827830
1083
416611827831
15
416611827832
21
416611827833
3
416611827834
39
420906779303
2
420906779309
1
420906779310
1
420906779313
38
420906779322
9
420906779531
3
420906779533
4
420906779559
2
420906779580
2
420906779778
27
420906779780
6
420906779801
13
420906779803
2
420906779809
3
420906779834
1
420906779838
10
420906795040
21
420906795042
1
420906795049
47
420906795052
2
420906795053
1
420906795054
13
420906795105
111
420906795106
9
420906795107
4
420906795108
6
420906795109
260
420906795111
4
420906795113
127
420906795114
1
420906795115
2
420906795116
79
420906795118
24
420906795119
125
420906795122
50
420906795123
36
420906795125
28
420906795126
6
420906795129
19
420906795130
2
425201746593
2
425201746601
9
425201746605
1
425201746616
2
425201746620
2
425201746817
6
425201746835
2
425201747089
1
425201762336
40
425201762338
1
425201762345
31
425201762348
2
425201762349
21
425201762350
9
425201762351
1
425201762358
1
425201762362
1
425201762401
246
425201762403
22
425201762404
1
425201762405
157
425201762408
963
425201762409
436
425201762410
15
425201762411
54
425201762412
34
425201762413
4
425201762414
40
425201762415
205
425201762418
19
425201762419
16
425201762420
188
425201762421
68
425201762422
1
425201762423
3
425201762425
14
425201762426
44
429496713897
2
429496713898
1
429496713901
17
429496714155
10
429496714370
4
429496729632
430
429496729634
8
429496729639
52
429496729641
23
429496729644
7
429496729645
8
429496729646
11
429496729647
2
429496729659
3
429496729697
540
429496729698
9
429496729699
1
429496729700
6
429496729701
2262
429496729703
2
429496729704
29
429496729705
1430
429496729706
9
429496729707
4
429496729708
14
429496729709
4
429496729710
21
429496729711
575
429496729712
7
429496729714
58
429496729715
44
429496729716
6
429496729717
106
429496729718
5
429496729719
13
429496729721
75
429496729722
48
433791681185
1
433791681188
45
433791681193
5
433791681197
2
433791681203
4
433791681206
9
433791681212
3
433791681421
7
433791681427
2
433791681435
4
433791681451
1
433791681681
1
433791681711
10
433791681722
2
433791696928
1937
433791696930
51
433791696936
11
433791696937
52
433791696940
71
433791696941
26
433791696942
15
433791696943
80
433791696946
5
433791696947
2
433791696948
1
433791696949
1
433791696950
1
433791696954
42
433791696955
5
433791696993
200
433791696994
45
433791696995
395
433791696996
791
433791696997
1199
433791696998
25
433791696999
162
433791697000
443
433791697001
1109
433791697002
34
433791697003
1048
433791697004
1865
433791697005
522
433791697006
6376
433791697007
93
433791697008
85
433791697009
3
433791697010
2104
433791697011
1983
433791697012
2417
433791697013
608
433791697014
568
433791697015
23
433791697016
85
433791697017
142
433791697018
31
438086648479
1
438086648481
3
438086648484
7
438086648485
2
438086648493
1
438086648715
6
438086648717
5
438086648737
1
438086648766
8
438086648993
1
438086649020
2
438086651323
2
438086664224
131
438086664226
1
438086664233
10
438086664289
129
438086664290
1
438086664293
100
438086664294
20
438086664295
8
438086664296
1
438086664297
171
438086664298
1
438086664300
26
438086664301
1
438086664303
49
438086664306
72
438086664307
14
438086664308
49
438086664309
20
438086664313
42
442381615780
5
442381615789
2
442381615798
8
442381615800
5
442381615802
2
442381615804
19
442381616273
2
442381631520
163
442381631522
4
442381631529
9
442381631532
4
442381631533
3
442381631534
24
442381631535
2
442381631585
104
442381631586
1
442381631588
84
442381631589
427
442381631590
7
442381631591
5
442381631592
7
442381631593
962
442381631595
13
442381631596
10
442381631598
72
442381631599
83
442381631600
1
442381631602
43
442381631603
60
442381631604
12
442381631605
7
442381631607
1
442381631609
143
442381631610
7
446676583073
1
446676583076
3
446676583081
20
446676583085
37
446676583091
4
446676583094
2
446676583100
4
446676583335
1
446676583554
1
446676583585
1
446676583595
2
446676598816
109
446676598818
1
446676598825
8
446676598829
5
446676598830
14
446676598843
4
446676598881
719
446676598882
13
446676598884
570
446676598885
582
446676598886
1
446676598888
9
446676598889
882
446676598890
65
446676598891
45
446676598892
50
446676598893
63
446676598894
94
446676598895
434
446676598898
25
446676598899
23
446676598900
646
446676598901
162
446676598902
19
446676598903
11
446676598905
140
446676598906
2
450971550369
2
450971550372
40
450971550373
1
450971550374
1
450971550377
15
450971550390
22
450971550392
3
450971550396
1
450971550397
2
450971550593
2
450971566112
1696
450971566114
8
450971566121
63
450971566124
61
450971566125
36
450971566126
14
450971566127
45
450971566138
1
450971566139
6
450971566177
1699
450971566178
8
450971566179
609
450971566180
784
450971566181
1401
450971566182
111
450971566183
113
450971566184
188
450971566185
1286
450971566186
524
450971566187
1538
450971566188
1128
450971566189
1098
450971566190
4234
450971566191
1121
450971566192
344
450971566193
80
450971566194
1163
450971566195
5145
450971566196
3763
450971566197
33
450971566198
810
450971566199
12
450971566200
1
450971566201
5
450971566202
94
455266517664
1
455266517665
14
455266517668
113
455266517672
3
455266517673
4
455266517674
1
455266517675
38
455266517677
1
455266517683
15
455266517686
14
455266517692
1
455266517899
10
455266517901
9
455266517913
1
455266517943
3
455266518148
2
455266518177
5
455266518195
3
455266518204
1
455266520497
10
455266533408
15
455266533417
4
455266533422
1
455266533473
2311
455266533476
1
455266533477
520
455266533478
1
455266533481
68
455266533483
8
455266533486
43
455266533487
1487
455266533491
17
455266533493
82
455266533494
6
455266533497
3
455266533498
2
459561484964
697
459561484966
1
459561484982
3
459561484986
1
459561485185
2
459561485189
18
459561500704
94
459561500706
20
459561500713
7
459561500716
2
459561500717
2
459561500718
1
459561500719
3
459561500730
1
459561500769
1752
459561500771
3
459561500772
18
459561500773
1421
459561500775
1
459561500776
5
459561500777
1566
459561500778
1
459561500779
532
459561500780
359
459561500781
2
459561500782
207
459561500783
2634
459561500786
90
459561500787
1778
459561500788
375
459561500789
1148
459561500790
21
459561500791
6
459561500793
230
463856452257
122
463856452260
632
463856452265
17
463856452278
61
463856452280
2
463856452284
5
463856452285
13
463856452481
23
463856452485
2
463856452493
1
463856452540
2
463856452769
9
463856452787
3
463856455300
1
463856468000
305
463856468002
2
463856468007
32
463856468008
3
463856468009
4
463856468012
3
463856468013
23
463856468014
7
463856468015
1
463856468018
2
463856468019
1
463856468065
1978
463856468066
4
463856468067
7
463856468068
36
463856468069
1109
463856468070
6
463856468071
132
463856468072
2
463856468073
2107
463856468074
98
463856468075
163
463856468076
2086
463856468077
451
463856468078
24
463856468079
1198
463856468080
54
463856468081
1
463856468082
1
463856468083
131
463856468084
1141
463856468085
1549
463856468086
176
463856468087
3
463856468089
242
463856468090
1
468151419553
15
468151419556
564
468151419558
14
468151419560
1
468151419561
21
468151419565
7
468151419571
54
468151419572
29
468151419573
2
468151419574
212
468151419580
1
468151419777
2
468151419781
1
468151419795
1
468151419799
2
468151419801
5
468151419819
5
468151420049
1
468151420079
1
468151435296
210
468151435298
1
468151435302
2
468151435305
2
468151435308
2
468151435309
10
468151435310
2
468151435311
1
468151435322
1
468151435323
1
468151435361
2096
468151435362
56
468151435364
8
468151435365
865
468151435366
3
468151435367
6
468151435368
1
468151435369
2094
468151435371
2
468151435372
2
468151435373
1068
468151435374
20
468151435375
185
468151435376
107
468151435378
4
468151435379
30
468151435380
9
468151435381
759
468151435382
4
468151435383
1
468151435385
78
472446386849
5
472446386852
515
472446386857
47
472446386861
1
472446386867
1
472446386870
3
472446386876
1
472446387073
8
472446387095
10
472446387099
6
472446387115
1
472446387330
1
472446387345
1
472446387377
1
472446402592
8517
472446402594
23
472446402600
1
472446402601
43
472446402604
321
472446402605
24
472446402606
29
472446402607
14
472446402611
1
472446402613
1
472446402614
2
472446402618
12
472446402619
13
472446402657
939
472446402658
5
472446402659
106
472446402660
538
472446402661
1732
472446402662
60
472446402663
292
472446402664
235
472446402665
1570
472446402666
54
472446402667
482
472446402668
102
472446402669
95
472446402670
1175
472446402671
662
472446402672
67
472446402673
3
472446402674
13
472446402675
658
472446402676
1766
472446402677
417
472446402678
429
472446402679
3
472446402681
91
472446402682
19
476741354145
43
476741354148
332
476741354150
5
476741354151
6
476741354153
40
476741354157
132
476741354163
5
476741354166
156
476741354170
1
476741354173
14
476741354369
3
476741354381
9
476741354391
12
476741354393
15
476741354395
2
476741354411
2
476741354641
3
476741354684
51
476741354686
9
476741369888
584
476741369890
20
476741369897
12
476741369900
44
476741369901
69
476741369902
2
476741369903
24
476741369914
52
476741369915
3
476741369953
145
476741369954
78
476741369955
140
476741369956
743
476741369957
79
476741369958
196
476741369959
589
476741369960
453
476741369961
2543
476741369962
320
476741369963
791
476741369964
1734
476741369965
803
476741369966
1746
476741369967
212
476741369968
662
476741369969
1
476741369970
838
476741369971
1212
476741369972
1212
476741369973
1151
476741369974
433
476741369975
33
476741369976
2
476741369977
21
476741369978
27
481036321677
1
481036321697
21
481036321699
25
481036321719
1
481036321922
9
481036321924
8
481036321945
2
481036321953
16
481036321980
6
481036321982
1
481036324271
3
481036324274
1
481036324275
25
481036324276
6
481036324280
1
481036324282
2
481036324283
28
481036324284
7
481036324480
3
481036324481
1
481036324482
3
481036324485
8
481036324487
3
481036324488
1
481036337184
11
481036337198
1
481036337199
5
481036337249
552
481036337253
548
481036337254
23
481036337256
32
481036337257
584
481036337260
277
481036337262
9
481036337263
309
481036337264
206
481036337266
183
481036337267
95
481036337268
40
481036337269
217
481036337273
21
485331288740
579
485331288742
4
485331288745
38
485331288749
2
485331288755
1
485331288756
4
485331288757
1
485331288762
2
485331288961
1
485331288979
2
485331289218
1
485331289241
1
485331289249
1
485331304480
1
485331304489
2
485331304545
1
485331304565
132
485331304567
1
489626271776
435
489626271778
59
489626271784
16
489626271785
19
489626271788
14
489626271789
16
489626271790
19
489626271791
22
489626271794
1
489626271841
1207
489626271842
24
489626271843
257
489626271844
101
489626271845
789
489626271846
4
489626271847
312
489626271848
54
489626271849
1622
489626271850
758
489626271851
694
489626271852
72
489626271853
178
489626271854
67
489626271855
613
489626271856
40
489626271857
24
489626271858
60
489626271859
361
489626271860
602
489626271861
439
489626271862
233
489626271863
14
489626271865
193
489626271866
68
493921223329
12
493921223332
102
493921223333
2
493921223337
15
493921223338
1
493921223341
5
493921223347
3
493921223350
13
493921223352
1
493921223354
1
493921223356
17
493921223553
1
493921223571
1
493921223577
1
493921223585
12
493921223587
7
493921223595
4
493921223851
1
493921223855
1
493921223870
1
493921239072
1126
493921239074
29
493921239081
29
493921239084
144
493921239085
55
493921239086
45
493921239087
9
493921239093
1
493921239094
1
493921239098
2
493921239099
6
493921239137
2129
493921239138
28
493921239139
300
493921239140
8
493921239141
3660
493921239142
7
493921239143
9
493921239144
70
493921239145
2484
493921239146
83
493921239147
846
493921239148
313
493921239149
40
493921239150
13
493921239151
772
493921239152
189
493921239154
15
493921239155
1728
493921239156
5034
493921239157
511
493921239158
138
493921239159
8
493921239161
289
493921239162
117
498216190625
1
498216190627
1
498216190628
856
498216190633
6
498216190637
2
498216190646
28
498216190648
2
498216190652
3
498216190849
4
498216191106
1
498216206368
1552
498216206370
32
498216206376
20
498216206377
30
498216206380
184
498216206381
12
498216206382
15
498216206383
23
498216206386
1
498216206387
1
498216206388
4
498216206389
1
498216206390
1
498216206394
7
498216206395
10
498216206429
1
498216206433
6548
498216206434
8
498216206435
4
498216206436
5
498216206437
4378
498216206438
4
498216206439
7
498216206440
153
498216206441
3213
498216206442
2
498216206443
389
498216206444
36
498216206445
5
498216206446
46
498216206447
2389
498216206448
1
498216206450
372
498216206451
283
498216206452
3765
498216206453
3249
498216206454
100
498216206455
24
498216206457
936
498216206458
4
502511157920
44
502511157921
14
502511157924
2171
502511157925
4
502511157926
1
502511157928
3
502511157929
76
502511157933
13
502511157939
4
502511157942
166
502511157944
1
502511157946
12
502511157948
4
502511158145
17
502511158149
15
502511158163
1
502511158187
1
502511158425
6
502511158433
14
502511158443
17
502511158447
2
502511160751
1
502511173664
322
502511173666
5
502511173673
11
502511173676
15
502511173677
11
502511173678
5
502511173679
1
502511173683
1
502511173691
2
502511173729
119
502511173730
76
502511173731
48
502511173732
363
502511173733
225
502511173734
9
502511173735
79
502511173736
36
502511173737
372
502511173738
166
502511173739
1346
502511173740
1220
502511173741
179
502511173742
1291
502511173743
1166
502511173744
91
502511173746
969
502511173747
1688
502511173748
2157
502511173749
1064
502511173750
228
502511173751
12
502511173752
40
502511173753
1
502511173754
19
506806125223
1
506806125225
4
506806125229
1
506806125233
3
506806125453
6
506806125473
1
506806125475
4
506806125698
9
506806125729
28
506806125758
4
506806128050
1
506806140960
114
506806140962
2
506806140969
5
506806140972
2
506806140973
1
506806140974
13
506806140986
1
506806141025
2791
506806141026
11
506806141028
3
506806141029
838
506806141033
1055
506806141034
4
506806141035
1
506806141036
43
506806141037
6
506806141038
32
506806141039
401
506806141041
2
506806141042
7
506806141043
7
506806141044
4
506806141045
674
506806141046
2
506806141049
279
511101092513
12
511101092516
1010
511101092517
11
511101092518
1
511101092521
14
511101092525
16
511101092534
1
511101092541
6
511101092763
10
511101093025
10
511101095345
4
511101095348
1
511101095349
4
511101095353
2
511101095556
5
511101095561
1
511101108256
26
511101108258
6
511101108269
2
511101108270
3
511101108271
3
511101108282
2
511101108321
43
511101108325
62
511101108328
3
511101108329
47
511101108331
6
511101108332
1
511101108333
1
511101108334
13
511101108335
10
511101108338
13
511101108339
3
511101108340
1
511101108343
1
511101108345
34
515396060290
4
515396075552
36
515396075561
2
515396075565
1
515396075567
1
515396075617
47
515396075619
1
515396075621
39
515396075625
16
515396075627
4
515396075632
3
519691027113
1
519691042848
374
519691042850
15
519691042856
1
519691042857
16
519691042860
47
519691042861
2
519691042867
2
519691042874
1
519691042875
11
519691042913
58
519691042914
2
519691042915
69
519691042916
203
519691042917
16
519691042919
37
519691042920
363
519691042921
122
519691042922
38
519691042923
247
519691042924
293
519691042925
107
519691042926
218
519691042927
6
519691042928
21
519691042930
56
519691042931
554
519691042932
654
519691042934
227
519691042935
1
519691042937
369
519691042938
3
523985994401
6
523985994404
66
523985994413
6
523985994419
7
523985994422
164
523985994913
2
523985994940
9
523986010144
29
523986010146
1
523986010153
1
523986010156
1
523986010209
66
523986010210
3
523986010211
4
523986010212
23
523986010213
78
523986010215
1
523986010216
1
523986010217
174
523986010218
8
523986010219
25
523986010221
2
523986010222
43
523986010223
44
523986010224
6
523986010227
10
523986010228
37
523986010229
11
523986010231
2
523986010233
13
523986010234
5
528280961697
49
528280961709
2
528280961724
3
528280961921
1
528280961925
3
528280962193
2
528280962201
4
532575944736
2652
18438158623063408672
95
18438158623063408689
41
18438158623063408690
3
18438158623063408691
4
18438158623063408697
1
18438158623063408747
1
18438158623063408748
3
18446676586888429600
2
18446676586888429667
1
18446676586888429676
1
18446676591183396896
45
18446676595478364192
144
18446676595478364201
7
18446676595478364259
9
18446676595478364260
4
18446676595478364263
39
18446676595478364266
2
18446676595478364267
1
18446676595478364268
15
18446676595478364269
2
18446676595478364270
14
18446676595478364272
8
18446676595478364274
24
18446676595478364275
11
18446676595478364276
18
18446676595478364278
4
18446676595478364282
2
18446676599773316232
1
18446676599773316249
4
18446676599773316286
2
18446676604068298863
4
18446676608363266080
2105
18446676608363266082
3
18446676608363266089
3
18446676608363266092
194
18446676608363266093
4
18446676608363266094
17
18446676608363266095
1
18446676608363266106
1
18446676608363266107
4
18446676608363266145
15
18446676608363266146
3
18446676608363266148
80
18446676608363266149
19
18446676608363266150
2
18446676608363266151
3
18446676608363266152
394
18446676608363266153
471
18446676608363266154
56
18446676608363266155
498
18446676608363266156
301
18446676608363266157
223
18446676608363266158
911
18446676608363266159
3
18446676608363266160
5
18446676608363266162
464
18446676608363266163
628
18446676608363266164
652
18446676608363266166
325
18446676608363266169
291
18446676612658217631
2
18446676612658217636
1372
18446676612658233442
1
18446676612658233444
2
18446676612658233445
4
18446676612658233452
1
18446676612658233458
13
18446676612658233461
1
18446676616953200740
4
18446676616953200743
14
18446676616953200747
1
18446676616953200748
1
18446676616953200749
1
18446676616953200750
1
18446676616953200754
2
18446676616953200755
2
18446676616953200758
1
18446676621248168033
6
18446676625543119523
3
18446676625543135346
16
18446676625543135347
1
18446676629838102560
53
18446676629838102562
1
18446676629838102568
2
18446676629838102625
9
18446676629838102627
41
18446676629838102628
60
18446676629838102629
2
18446676629838102631
7
18446676629838102632
10
18446676629838102635
17
18446676629838102636
8
18446676629838102637
8
18446676629838102638
16
18446676629838102639
3
18446676629838102640
6
18446676629838102642
36
18446676629838102643
48
18446676629838102644
29
18446676629838102646
1
18446676629838102650
1
18446676634133054121
2
18446676634133069934
1
18446676634133069940
1
18446676634133069941
1
18446676638428037167
38
18446676647017971744
116
18446676647017971746
7
18446676647017971753
1
18446676647017971756
2
18446676647017971809
44
18446676647017971811
7
18446676647017971812
2
18446676647017971814
1
18446676647017971816
2
18446676647017971819
13
18446676647017971820
1
18446676647017971821
12
18446676647017971822
20
18446676647017971826
1
18446676647017971827
4
18446676647017971828
20
18446676647017971830
2
18446676647017971834
4
18446676651312939124
1
18446676664197840993
41
18446676672787775520
4
18446676672787775588
3
18446676672787775591
56
18446676672787775596
2
18446676672787775597
1
18446676672787775598
11
18446676672787775600
2
18446676672787775602
4
18446676672787775603
3
18446676672787775607
13
18446676672787775610
3
18446676677082742893
29
18446676677082742898
4
18446676681377710180
1
18446676681377710181
1
18446676681377710188
1
18446676681377710192
6
18446676685672677408
44
18446676685672677420
8
18446676685672677421
1
18446676685672677422
1
18446676685672677423
1
18446676685672677473
4
18446676685672677477
10
18446676685672677478
1
18446676685672677479
14
18446676685672677480
13
18446676685672677481
97
18446676685672677482
27
18446676685672677483
97
18446676685672677484
38
18446676685672677485
18
18446676685672677486
249
18446676685672677487
1
18446676685672677488
11
18446676685672677490
49
18446676685672677491
134
18446676685672677492
57
18446676685672677494
7
18446676685672677497
1
18446676689967628964
13
18446676689967628982
46
18446676694262612066
1
18446676694262612068
1
18446676694262612071
2
18446676694262612074
4
18446676694262612076
1
18446676694262612078
2
18446676694262612082
7
18446676702852546658
2
18446676702852546660
9
18446676702852546674
14
18446676702852546675
1
18446676702852546676
1
18446676702852546682
3
18446676711442481250
14
18446676711442481252
1
18446676711442481254
16
18446676711442481255
7
18446676711442481256
1
18446676711442481260
15
18446676711442481262
8
18446676711442481266
19
18446676711442481267
2
18446676711442481274
1
18446676715737432735
1
18446676715737448480
22
18446676715737448547
10
18446676715737448564
3
18446677557551038496
10
18446677557551038563
7
18446677557551038564
2
18446677557551038570
1
18446677557551038572
3
18446677557551038573
4
18446677557551038574
2
18446677557551038578
19
18446677557551038579
8
18446677557551038580
19
18446677561845990590
1
18446677574730907680
28
18446677574730907692
2
18446677574730907747
5
18446677574730907748
1
18446677574730907760
2
18446677574730907763
1
18446677600500711456
1
18446677600500711525
5
18446677600500711529
11
18446677600500711530
7
18446677604795663243
2
18446677609090646113
2
18446677609090646117
63
18446677609090646121
2
18446677609090646122
1
18446677609090646126
15
18446677613385597613
2
18446677634860449824
1
18446677634860449891
1
18446677634860449892
1
18446677634860449898
1
18446677634860449901
1
18446677634860449906
2
18446677639155401889
2
18446677652040319008
6
18446677652040319082
10
18446677652040319091
8
18446677660630253600
14
18446677660630253667
1
18446677660630253671
6
18446677660630253684
1
18446677669220188194
2
18446677669220188260
7
18446677669220188268
3
18446677669220188270
2
18446677669220188274
3
18446677669220188276
4
18446677673515140249
1
18446677694989991968
1
18446677694989992037
4
18446677694989992041
34
18446677703579926625
2
18446677703579926633
34
18446677703579926645
2
18446677720759795809
3
18446677720759795826
1
18446677725054747559
1
18446677737939664994
13
18446677737939664996
3
18446677737939664999
3
18446677737939665006
6
18446677737939665012
2
18446677789479272553
10
18446677810954109025
3
18446677810954109045
1
18446677819544043552
1
18446677819544043635
7
18446678661357633568
22
18446678661357633633
11
18446678661357633635
2
18446678661357633637
5
18446678661357633647
9
18446678661357633653
5
18446678661357633657
2
18446678665652585139
4
18446678669947568162
1
18446678669947568227
5
18446678669947568233
1
18446678669947568243
9
18446678687127437427
1
18446678725782143008
4
18446678725782143021
1
18446678725782143079
2
18446678725782143081
2
18446678725782143090
1
18446678725782143098
1
18446678760141881376
2
18446678760141881378
1
18446678760141881388
2
18446678760141881445
4
18446678760141881454
3
18446678760141881455
3
18446678760141881459
12
18446678764436832941
6
18446678768731816035
2
18446678768731816044
1
18446678768731816050
2
18446678794501619744
1
18446678794501619809
5
18446678794501619811
5
18446678794501619813
39
18446678794501619817
1
18446678794501619819
55
18446678794501619822
1
18446678794501619823
2
18446678794501619824
5
18446678794501619828
12
18446678798796571309
2
18446678798796571563
3
18446678798796571809
2
18446678837451292786
16
18446678837451292788
2
18446678841746244769
2
18446678854631161888
1
18446678854631161890
2
18446678854631161965
1
18446678854631161971
10
18446678863221096566
1
18446678871811031072
6
18446678901875802217
2
18446678901875802222
1
18446678910465736809
1
18446678910465736810
1
18446678910465736814
6
18446678910465736819
8
18446678910465736821
1
18446678910465736825
52
18446678919055671342
1
18446678919055671393
2
18446678919055671397
6
18446678919055671401
7
18446678919055671406
2
18446678919055671407
1
18446678919055671413
1
18446678919055671417
10
18446688737350909984
4
18446688741645864372
2
18446688741645864578
39
18446688741645864579
4
18446688741645864580
9
18446688745940831665
1
18446688745940831674
1
18446688745940831675
2
18446688745940831677
2
18446688745940831872
1
18446688745940831873
4
18446688745940844576
66
18446688745940844589
1
18446688750235798972
11
18446688750235799169
2
18446688750235799170
44
18446688750235799172
1
18446688750235811872
1
18446688750235811951
5
18446688754530766257
73
18446688754530766260
3
18446688754530766266
6
18446688754530766271
20
18446688754530766464
3
18446688754530766468
6
18446688754530766473
3
18446688758825746464
67
18446688758825746477
1
18446688758825746479
1
18446688758825746482
1
18446688758825746550
5
18446688763120700847
7
18446688763120700850
1
18446688763120700851
7
18446688763120700852
3
18446688763120700856
9
18446688763120700857
40
18446688763120700858
15
18446688763120700859
7
18446688763120700860
5
18446688763120700861
17
18446688763120700862
1
18446688763120701056
6
18446688763120701057
20
18446688763120701058
30
18446688763120701059
10
18446688763120701060
69
18446688763120701061
4
18446688763120701062
7
18446688763120713840
1
18446688767415668145
3
18446688767415668149
2
18446688767415668153
4
18446688767415668159
7
18446688767415681135
1
18446688767415681142
2
18446688771710635437
1
18446688771710635439
49
18446688771710635441
4
18446688771710635443
12
18446688771710635445
28
18446688771710635447
1
18446688771710635449
23
18446688771710635450
2
18446688771710635453
4
18446688771710635455
3
18446688771710635649
8
18446688771710635653
2
18446688771710648431
6
18446688776005602735
4
18446688776005602737
1
18446688776005602741
13
18446688776005602743
1
18446688776005602745
24
18446688776005602751
13
18446688776005602945
5
18446688776005602953
2
18446688776005615648
3
18446688776005615657
2
18446688776005615662
3
18446688776005615734
2
18446688780300570031
22
18446688780300570034
2
18446688780300570035
9
18446688780300570036
2
18446688780300570037
4
18446688780300570040
5
18446688780300570041
31
18446688780300570042
9
18446688780300570043
43
18446688780300570044
1
18446688780300570045
8
18446688780300570240
14
18446688780300570241
10
18446688780300570243
3
18446688780300570244
3
18446688780300570245
35
18446688780300570246
2
18446688780300570247
11
18446688780300570253
1
18446688784595550240
10
18446688784595550326
2
18446688788890504627
1
18446688788890504635
10
18446688788890504636
4
18446688788890504637
12
18446688788890504833
2
18446688788890504834
14
18446688788890504835
11
18446688788890504836
17
18446688788890504839
3
18446688788890517545
1
18446688788890517615
7
18446688793185471921
2
18446688793185471925
5
18446688793185471927
4
18446688793185471933
5
18446688793185471935
4
18446688793185472129
3
18446688793185472142
3
18446688793185484832
17
18446688793185484846
3
18446688793185484911
13
18446688793185484918
5
18446688797480439212
4
18446688797480439217
43
18446688797480439220
24
18446688797480439221
5
18446688797480439223
7
18446688797480439226
135
18446688797480439228
5
18446688797480439229
7
18446688797480439231
24
18446688797480439424
1
18446688797480439425
17
18446688797480439427
25
18446688797480439428
6
18446688797480439433
1
18446688797480439438
3
18446688797480452207
1
18446688801775406508
4
18446688801775406510
93
18446688801775406513
22
18446688801775406516
1
18446688801775406517
6
18446688801775406519
8
18446688801775406527
14
18446688801775406720
4
18446688801775406721
4
18446688801775406724
12
18446688801775406732
30
18446688801775406733
39
18446688801775406734
7
18446688801775419503
28
18446688806070373804
40
18446688806070373806
7
18446688806070373807
1
18446688806070373809
4
18446688806070373813
14
18446688806070373815
2
18446688806070373817
7
18446688806070373819
42
18446688806070373820
3
18446688806070373823
35
18446688806070374021
2
18446688806070374022
2
18446688806070374025
4
18446688806070374030
2
18446688806070386799
2
18446688810365341100
5
18446688810365341101
3
18446688810365341102
6
18446688810365341103
4
18446688810365341105
46
18446688810365341106
7
18446688810365341109
5
18446688810365341111
4
18446688810365341113
6
18446688810365341116
3
18446688810365341119
5
18446688810365341312
1
18446688810365341317
1
18446688810365341321
2
18446688810365341326
2
18446688810365354016
37
18446688810365354030
1
18446688810365354031
1
18446688810365354095
6
18446688814660308399
3
18446688814660308401
10
18446688814660308404
1
18446688814660308405
13
18446688814660308407
1
18446688814660308409
24
18446688814660308415
34
18446688814660308612
12
18446688814660308617
9
18446688814660308622
5
18446688818955275705
1
18446688818955288608
34
18446688818955288621
2
18446688823250242991
2
18446688823250242993
1
18446688823250242994
1
18446688823250242995
32
18446688823250242996
16
18446688823250243000
1
18446688823250243001
18
18446688823250243002
5
18446688823250243003
40
18446688823250243004
5
18446688823250243005
19
18446688823250243200
10
18446688823250243201
6
18446688823250243202
55
18446688823250243203
16
18446688823250243204
4
18446688823250243205
36
18446688823250243206
2
18446688823250243207
2
18446688823250243208
1
18446688823250243213
16
18446689647883976745
1
18446689647883976815
1
18446689647883976822
1
18446689652178931121
26
18446689652178931125
5
18446689652178931128
1
18446689652178931129
19
18446689652178931131
6
18446689652178931133
1
18446689652178931135
24
18446689652178931329
49
18446689652178931332
15
18446689652178931333
2
18446689652178931340
1
18446689652178944111
14
18446689656473898413
1
18446689656473898417
17
18446689656473898419
30
18446689656473898420
2
18446689656473898421
4
18446689656473898423
6
18446689656473898424
4
18446689656473898425
51
18446689656473898428
5
18446689656473898431
67
18446689656473898629
4
18446689656473898631
12
18446689656473898633
2
18446689656473898636
9
18446689656473898637
2
18446689656473898638
3
18446689656473911328
185
18446689656473911330
2
18446689656473911340
2
18446689665063833006
1
18446689665063833007
2
18446689665063833009
3
18446689665063833015
23
18446689665063833016
2
18446689665063833017
7
18446689665063833018
6
18446689665063833023
4
18446689665063833219
3
18446689665063833220
33
18446689665063833221
7
18446689665063833223
9
18446689665063833225
1
18446689665063833228
1
18446689665063845934
3
18446689665063845999
8
18446689669358800300
2
18446689669358800301
6
18446689669358800302
10
18446689669358800303
7
18446689669358800305
14
18446689669358800309
21
18446689669358800311
26
18446689669358800313
51
18446689669358800315
5
18446689669358800316
6
18446689669358800319
35
18446689669358800513
53
18446689669358800515
1
18446689669358800517
13
18446689669358800521
6
18446689669358800524
3
18446689669358813216
15
18446689669358813228
2
18446689669358813302
1
18446689673653767603
10
18446689673653767612
18
18446689673653767613
2
18446689673653767808
9
18446689673653767809
35
18446689673653767811
2
18446689673653767812
28
18446689673653767815
19
18446689677948734894
5
18446689677948734897
3
18446689677948734904
2
18446689677948735105
4
18446689677948735109
4
18446689677948735118
2
18446689677948747887
2
18446689682243702191
15
18446689682243702193
3
18446689682243702197
17
18446689682243702201
16
18446689682243702205
10
18446689682243702207
10
18446689682243702414
1
18446689686538669701
6
18446689686538682486
1
18446689690833636796
5
18446689690833636797
17
18446689690833636992
1
18446689690833636995
3
18446689690833636996
6
18446689699423584288
19
18446689703718538674
1
18446689703718538675
1
18446689703718538684
3
18446689703718538685
9
18446689703718538882
4
18446689703718538884
7
18446689703718551584
6
18446689708013505979
7
18446689708013505980
2
18446689708013506176
39
18446689708013506177
1
18446689708013506180
1
18446689708013506183
2
18446689708013518966
1
18446689712308473268
1
18446689712308473271
2
18446689712308473277
17
18446689712308473279
1
18446689712308473473
6
