2298
137438953506
134
137438953511
1
137438953512
575
137438953515
1
137438953517
39
137438953519
1
137438953520
1
137438953521
746
137438953522
432
137438953523
185
137438953524
122
137438953525
212
137438953526
52
137438953527
51
137438953528
43
137438953529
13
137438953530
2
137438953563
73
137438953569
3222
137438953570
522
137438953571
2789
137438953572
8410
137438953573
2579
137438953574
1343
137438953575
491
137438953576
236
137438953577
876
137438953578
256
137438953579
281
137438953580
4068
137438953581
2137
137438953582
678
137438953583
1141
137438953584
3774
137438953585
798
137438953586
1113
137438953587
2484
137438953588
1472
137438953589
1075
137438953590
753
137438953591
83
137438953592
1
137438953593
86
137438953594
96
137438953596
2652
141731921812
46
141733905056
786
141733905057
7
141733905058
10
141733905060
8
141733905061
1
141733905064
2
141733905065
708
141733905066
88
141733905077
6
141733905078
4
141733905080
2
141733905082
1
141733905084
19
141733905281
6
141733905291
5
141733905293
5
141733905313
3
141733905315
2
141733905335
6
141733905538
3
141733905555
11
141733905561
2
141733905563
3
141733905569
37
141733905598
2
141733907884
3
141733907886
3
141733907889
41
141733907890
3
141733907891
11
141733907892
7
141733907893
38
141733907895
1
141733907896
9
141733907897
18
141733907898
22
141733907899
1
141733907900
17
141733907901
25
141733907903
23
141733908096
49
141733908097
3
141733908099
23
141733908100
28
141733908101
13
141733908102
7
141733908103
13
141733908104
4
141733908105
2
146028888096
90
146028888105
218
146028888108
19
146028888110
3
146028888122
9
146028888157
21
146028888161
22
146028888162
21
146028888163
12
146028888164
34
146028888165
9
146028888166
21
146028888167
6
146028888168
4
146028888169
5
146028888171
20
146028888172
17
146028888173
67
146028888174
14
146028888175
16
146028888176
24
146028888177
1
146028888178
4
146028888179
32
146028888180
9
146028888181
13
146028888182
17
146028888183
3
146028888186
5
150321856404
2
150323839657
4
150323839674
1
150323839676
1
150323839885
2
150323842692
1
163208757363
2
167503724576
17
167503724578
4
167503724641
1104
167503724645
529
167503724648
17
167503724649
245
167503724655
104
167503724659
1
167503724661
419
167503724665
4
171798676128
6
171798676130
1
171798676137
301
171798676138
3
171798676627
3
171798678961
1
171798691872
1
171798691874
217
171798691885
4
171798691889
14
171798691890
11
171798691891
11
171798691892
6
171798691893
3
171798691894
1
171798691895
1
171798691896
1
171798691897
1
171798691937
60
171798691938
17
171798691939
15
171798691940
51
171798691941
38
171798691942
17
171798691943
3
171798691944
5
171798691945
34
171798691946
14
171798691947
1
171798691948
10
171798691949
14
171798691950
12
171798691951
5
171798691952
17
171798691954
13
171798691955
19
171798691956
26
171798691957
7
171798691958
8
171798691959
1
171798691961
9
171798691962
1
176093643424
13
176093643432
11
176093643433
5
176093643452
1
176093646257
1
176093646261
1
176093646266
1
176093646468
4
176093659168
544
176093659170
21
176093659176
1
176093659177
2
176093659180
102
176093659182
5
176093659183
10
176093659186
1
176093659194
5
176093659195
11
176093659229
4
176093659233
3
176093659234
2
176093659235
8
176093659236
35
176093659240
1
176093659241
1
176093659244
2
176093659252
6
176093659253
9
176093659254
2
184683593760
1
188978561056
2317
188978561058
3
188978561074
1
188978561075
1
188978561079
1
188978561121
2
188978561124
12
188978561127
1
188978561130
1
188978561132
1
188978561136
1
188978561139
1
193273515651
1
193273528352
463
193273528364
8
193273528365
336
193273528369
3
193273528372
1
193273528417
47
193273528418
15
193273528419
33
193273528420
16
193273528421
11
193273528422
92
193273528423
9
193273528424
12
193273528425
22
193273528426
5
193273528427
6
193273528428
16
193273528429
7
193273528430
18
193273528431
8
193273528432
9
193273528433
4
193273528434
13
193273528435
13
193273528436
14
193273528437
11
193273528438
9
193273528439
1
197568479904
2
197568479905
1
197568479913
3
197568479914
1
197568480161
1
197568480167
1
197568482739
2
197568482944
1
197568495648
525
197568495650
8
197568495656
1
197568495657
39
197568495660
1
197568495661
5
197568495665
105
197568495666
120
197568495667
54
197568495668
26
197568495669
19
197568495670
19
197568495671
18
197568495672
3
197568495673
2
197568495674
2
197568495713
32
197568495714
7
197568495715
10
197568495716
40
197568495717
17
197568495718
4
197568495719
2
197568495720
7
197568495721
5
197568495723
8
197568495724
1
197568495725
11
197568495726
2
197568495727
2
197568495728
1
197568495730
4
197568495731
9
197568495732
13
197568495733
23
197568495734
14
197568495738
3
201863447201
1
201863447222
1
201863450037
3
201863450041
3
201863450042
2
201863450044
1
201863450045
2
201863450240
10
201863450244
2
201863450245
4
201863462944
26
201863462961
56
201863462962
25
201863462963
23
201863462964
26
201863462965
7
201863462966
5
201863462967
1
201863462969
2
201863463009
27
201863463010
77
201863463011
87
201863463012
21
201863463013
5
201863463014
40
201863463015
6
201863463016
26
201863463017
5
201863463019
13
201863463020
14
201863463021
10
201863463022
4
201863463023
16
201863463024
14
201863463026
5
201863463027
9
201863463028
5
201863463029
4
201863463030
6
201863463033
2
201863463034
2
206158414518
2
206158417338
1
206158417340
1
206158430240
107
206158430249
8
206158430252
28
206158430254
7
206158430255
13
206158430256
230
206158430257
18
206158430258
17
206158430259
18
206158430260
123
206158430261
11
206158430262
14
206158430263
17
206158430264
3
206158430265
2
206158430267
1
206158430301
6
206158430305
1
206158430306
1
210453397536
118
210453397545
14
210453397548
76
210453397549
1
210453397550
201
210453397551
12
210453397552
24
210453397553
35
210453397554
19
210453397555
20
210453397556
15
210453397557
17
210453397558
16
210453397559
17
210453397560
14
210453397561
433
210453397597
15
210453397605
172
210453397618
1
214748364832
69
214748364841
6
214748364844
98
214748364846
162
214748364847
20
214748364848
258
214748364849
28
214748364850
14
214748364851
47
214748364852
33
214748364853
23
214748364854
7
214748364855
14
214748364856
34
214748364857
16
214748364859
1
214748364893
11
214748364901
1
219043332128
99
219043332137
5
219043332140
45
219043332141
1
219043332142
115
219043332143
12
219043332144
18
219043332145
51
219043332146
10
219043332147
19
219043332148
24
219043332149
18
219043332150
40
219043332151
20
219043332152
24
219043332153
17
219043332154
2
219043332189
10
223338299424
223
223338299433
9
223338299436
49
223338299438
65
223338299439
18
223338299440
22
223338299441
9
223338299442
9
223338299443
13
223338299444
13
223338299445
17
223338299446
19
223338299447
9
223338299448
13
223338299449
6
223338299450
2
223338299485
10
227633266720
69
227633266729
9
227633266732
36
227633266734
204
227633266735
21
227633266736
12
227633266737
16
227633266738
11
227633266739
9
227633266740
8
227633266741
12
227633266742
11
227633266743
3
227633266744
23
227633266745
8
227633266781
10
231928234016
62
231928234025
9
231928234028
25
231928234030
45
231928234031
22
231928234032
9
231928234033
10
231928234034
5
231928234035
2
231928234036
16
231928234037
3
231928234038
4
231928234039
3
231928234040
25
231928234041
13
231928234042
1
231928234043
1
231928234077
8
236223201312
51
236223201321
6
236223201324
26
236223201326
31
236223201327
30
236223201328
10
236223201329
19
236223201330
4
236223201331
5
236223201332
1
236223201333
15
236223201334
27
236223201335
21
236223201336
19
236223201337
10
236223201373
6
240518168608
69
240518168617
5
240518168620
44
240518168622
12
240518168623
52
240518168624
36
240518168625
12
240518168626
14
240518168627
19
240518168628
14
240518168629
34
240518168630
15
240518168631
26
240518168632
30
240518168633
21
240518168669
6
244813135904
73
244813135913
5
244813135916
10
244813135917
2
244813135918
5
244813135919
28
244813135920
9
244813135921
14
244813135922
16
244813135923
10
244813135924
59
244813135925
42
244813135926
25
244813135927
76
244813135928
164
244813135929
173
244813135965
6
249108103200
143
249108103202
1
249108103268
1
249108103276
1
253403070496
70
253403070580
1
253403070581
16
261993005088
2
390842023970
21
390842023985
44
390842023986
20
390842023987
4
390842023988
4
390842023989
4
390842023990
4
390842023991
4
390842023992
4
390842023993
4
390842024033
3
390842024034
1
390842024035
2
390842024050
1
399431958560
77
399431958569
1
399431958572
13
399431958574
1
399431958645
1
412316860448
6
416611827744
2722
416611827746
47
416611827751
16
416611827753
72
416611827756
68
416611827757
6
416611827758
9
416611827759
40
416611827762
5
416611827770
1
416611827771
11
416611827808
6
416611827809
70
416611827810
454
416611827811
1018
416611827812
422
416611827813
38
416611827814
57
416611827815
607
416611827816
12
416611827817
1196
416611827818
14
416611827819
125
416611827820
1705
416611827821
387
416611827822
3438
416611827823
14
416611827824
475
416611827825
63
416611827826
2450
416611827827
715
416611827828
3509
416611827829
1533
416611827830
309
416611827831
15
416611827832
40
416611827833
81
416611827834
40
420906779303
11
420906779309
1
420906779310
59
420906779311
1
420906779313
38
420906779322
9
420906779531
3
420906779533
4
420906779559
2
420906779580
2
420906779778
26
420906779780
9
420906779801
13
420906779803
2
420906779809
3
420906779834
1
420906779838
10
420906795040
9
420906795042
1
420906795049
58
420906795052
2
420906795053
1
420906795054
13
420906795101
1
420906795105
237
420906795106
9
420906795107
4
420906795108
11
420906795109
282
420906795111
4
420906795113
229
420906795114
23
420906795115
2
420906795116
424
420906795118
24
420906795119
210
420906795122
631
420906795123
65
420906795124
20
420906795125
55
420906795126
6
420906795129
19
420906795130
2
425201746593
2
425201746594
11
425201746601
55
425201746605
1
425201746616
2
425201746620
2
425201746817
6
425201746835
2
425201747089
1
425201762336
110
425201762343
3
425201762345
43
425201762348
4
425201762349
1
425201762350
21
425201762351
1
425201762358
1
425201762401
918
425201762403
297
425201762404
1
425201762405
1708
425201762408
1716
425201762409
1492
425201762410
15
425201762411
59
425201762412
471
425201762413
4
425201762414
40
425201762415
1946
425201762417
73
425201762418
101
425201762419
21
425201762420
1323
425201762421
368
425201762422
1
425201762423
3
425201762425
79
425201762426
41
429496713890
1
429496713896
78
429496713897
127
429496713898
1
429496713901
17
429496714155
10
429496714370
4
429496729632
492
429496729634
10
429496729639
1371
429496729641
30
429496729644
8
429496729645
9
429496729646
12
429496729647
2
429496729659
3
429496729697
1007
429496729698
9
429496729699
1
429496729700
6
429496729701
5016
429496729703
3
429496729704
40
429496729705
1663
429496729706
10
429496729707
4
429496729708
14
429496729709
50
429496729710
21
429496729711
641
429496729712
7
429496729714
223
429496729715
48
429496729716
6
429496729717
756
429496729718
5
429496729719
13
429496729721
46
429496729722
47
433791681185
1
433791681188
1
433791681192
5
433791681193
667
433791681197
2
433791681203
4
433791681211
2
433791681212
3
433791681421
7
433791681427
2
433791681435
4
433791681451
1
433791681681
1
433791681711
10
433791681722
2
433791696928
11885
433791696930
60
433791696936
11
433791696937
113
433791696940
567
433791696941
94
433791696942
53
433791696943
85
433791696946
5
433791696947
2
433791696948
1
433791696949
1
433791696950
1
433791696954
48
433791696955
14
433791696993
222
433791696994
45
433791696995
1518
433791696996
454
433791696997
204
433791696998
128
433791696999
178
433791697000
36
433791697001
636
433791697002
21
433791697003
232
433791697004
1249
433791697005
1602
433791697006
4494
433791697007
22
433791697008
239
433791697009
32
433791697010
3136
433791697011
6077
433791697012
1700
433791697013
935
433791697014
169
433791697015
23
433791697016
670
433791697017
14
433791697018
32
438086648481
3
438086648484
2
438086648485
2
438086648487
21
438086648493
1
438086648715
6
438086648717
5
438086648737
1
438086648766
8
438086648993
1
438086649020
2
438086651323
2
438086664224
173
438086664226
1
438086664233
12
438086664236
2
438086664289
333
438086664290
1
438086664293
797
438086664294
193
438086664295
8
438086664296
1
438086664297
850
438086664298
1
438086664300
29
438086664301
1
438086664303
1000
438086664306
95
438086664307
39
438086664308
49
438086664309
26
438086664313
14
442381615780
5
442381615784
15
442381615785
75
442381615789
2
442381615798
8
442381615800
5
442381615802
2
442381615804
18
442381616273
2
442381616275
2
442381631520
167
442381631522
3
442381631529
11
442381631532
5
442381631533
2
442381631534
24
442381631535
2
442381631585
284
442381631586
1
442381631588
84
442381631589
727
442381631590
7
442381631591
5
442381631592
7
442381631593
1134
442381631595
13
442381631596
123
442381631598
373
442381631599
106
442381631600
1
442381631602
313
442381631603
61
442381631604
20
442381631605
77
442381631607
1
442381631609
145
442381631610
7
446676583073
1
446676583076
3
446676583080
3
446676583081
284
446676583085
37
446676583091
3
446676583094
2
446676583100
4
446676583335
1
446676583554
1
446676583585
1
446676583595
2
446676598816
109
446676598818
1
446676598825
8
446676598829
5
446676598830
14
446676598843
4
446676598881
349
446676598882
17
446676598884
1
446676598885
533
446676598886
1
446676598888
9
446676598889
729
446676598890
2
446676598891
1
446676598892
47
446676598893
2
446676598894
241
446676598895
246
446676598898
29
446676598899
23
446676598900
35
446676598901
122
446676598903
11
446676598905
71
446676598906
2
450971550369
2
450971550372
11
450971550373
1
450971550374
1
450971550376
21
450971550377
138
450971550388
7
450971550390
18
450971550392
3
450971550396
1
450971550397
2
450971550593
2
450971566112
944
450971566114
6
450971566121
66
450971566124
45
450971566125
29
450971566126
2
450971566127
44
450971566139
2
450971566177
997
450971566178
64
450971566179
1756
450971566180
196
450971566181
2048
450971566182
530
450971566183
532
450971566184
8
450971566185
121
450971566186
321
450971566187
207
450971566188
706
450971566189
416
450971566190
3008
450971566191
3279
450971566192
405
450971566193
680
450971566194
1338
450971566195
2480
450971566196
2933
450971566197
27
450971566198
1393
450971566199
12
450971566200
83
450971566202
111
455266517664
1
455266517665
14
455266517668
1
455266517671
1
455266517672
204
455266517673
126
455266517674
1
455266517675
38
455266517677
1
455266517683
15
455266517692
1
455266517899
10
455266517901
9
455266517913
1
455266517943
3
455266518148
2
455266518177
5
455266518195
3
455266518204
1
455266520497
10
455266533408
15
455266533417
4
455266533422
1
455266533473
406
455266533476
1
455266533477
75
455266533478
1
455266533481
18
455266533483
8
455266533486
35
455266533487
118
455266533491
17
455266533493
144
455266533494
6
455266533498
2
459561484960
3
459561484964
3
459561484966
1
459561484982
1
459561484986
1
459561485185
2
459561485189
18
459561500704
96
459561500706
20
459561500713
7
459561500716
6
459561500717
2
459561500718
1
459561500719
3
459561500730
1
459561500769
347
459561500771
3
459561500772
18
459561500773
126
459561500775
1
459561500776
5
459561500777
184
459561500778
1
459561500779
11
459561500780
82
459561500781
2
459561500782
6
459561500783
283
459561500786
56
459561500787
46
459561500788
220
459561500789
147
459561500790
21
459561500791
4
459561500793
1
463856452257
122
463856452260
14
463856452265
17
463856452278
6
463856452280
2
463856452284
4
463856452285
13
463856452481
23
463856452485
2
463856452493
1
463856452540
2
463856452769
9
463856452787
3
463856455300
1
463856468000
763
463856468002
4
463856468007
1159
463856468008
6
463856468009
10
463856468012
60
463856468013
23
463856468014
19
463856468015
2
463856468018
2
463856468019
1
463856468026
1
463856468065
2029
463856468066
4
463856468067
11
463856468068
35
463856468069
3570
463856468070
6
463856468071
133
463856468072
1
463856468073
1799
463856468074
20
463856468075
32
463856468076
738
463856468077
40
463856468078
24
463856468079
1190
463856468080
5
463856468081
1
463856468082
1
463856468083
215
463856468084
233
463856468085
211
463856468086
8
463856468087
3
463856468089
22
463856468090
1
468151419553
15
468151419554
2
468151419556
38
468151419558
14
468151419560
20
468151419561
147
468151419563
2
468151419565
7
468151419571
54
468151419572
152
468151419573
2
468151419574
3
468151419580
1
468151419777
2
468151419781
1
468151419795
1
468151419801
5
468151419819
5
468151420049
1
468151420079
1
468151435296
217
468151435298
1
468151435302
2
468151435305
2
468151435308
3
468151435309
10
468151435310
1
468151435311
1
468151435322
1
468151435323
1
468151435361
2120
468151435362
550
468151435364
8
468151435365
2410
468151435366
3
468151435367
6
468151435368
1
468151435369
886
468151435371
2
468151435372
2
468151435373
424
468151435374
21
468151435375
498
468151435376
617
468151435378
5
468151435379
31
468151435380
8
468151435381
116
468151435382
4
468151435383
2
468151435385
6
472446386849
5
472446386850
5
472446386852
9
472446386856
7
472446386857
375
472446386858
38
472446386861
1
472446386867
1
472446386870
3
472446386876
1
472446387073
8
472446387095
10
472446387099
6
472446387115
1
472446387330
1
472446387345
1
472446387377
1
472446402592
3784
472446402594
21
472446402599
35
472446402600
3
472446402601
31
472446402604
136
472446402605
21
472446402606
17
472446402607
10
472446402611
1
472446402613
1
472446402614
2
472446402618
59
472446402619
3
472446402657
987
472446402658
4
472446402659
882
472446402660
1066
472446402661
2368
472446402662
274
472446402663
334
472446402664
31
472446402665
1717
472446402666
3
472446402667
63
472446402668
47
472446402669
56
472446402670
1225
472446402671
388
472446402672
19
472446402673
64
472446402674
15
472446402675
2716
472446402676
3519
472446402677
189
472446402678
132
472446402679
3
472446402681
38
472446402682
28
476741354145
43
476741354148
14
476741354150
5
476741354151
6
476741354152
1
476741354153
603
476741354157
132
476741354163
5
476741354166
2
476741354170
1
476741354173
14
476741354369
3
476741354381
9
476741354391
12
476741354393
15
476741354395
2
476741354411
2
476741354641
3
476741354684
50
476741354686
9
476741369888
426
476741369890
17
476741369897
5
476741369900
9
476741369901
68
476741369903
24
476741369953
10
476741369954
212
476741369955
324
476741369956
247
476741369957
51
476741369958
773
476741369959
731
476741369960
10
476741369961
997
476741369962
61
476741369963
121
476741369964
1087
476741369965
1298
476741369966
4843
476741369967
93
476741369968
284
476741369969
2
476741369970
2039
476741369971
362
476741369972
283
476741369973
1265
476741369974
230
476741369975
35
476741369976
6
476741369977
59
476741369978
27
481036321454
1
481036321465
35
481036321467
8
481036321677
1
481036321697
21
481036321699
25
481036321719
1
481036321922
9
481036321924
8
481036321945
2
481036321953
16
481036321980
6
481036321982
1
481036324271
3
481036324274
1
481036324275
25
481036324276
7
481036324280
1
481036324282
2
481036324283
28
481036324284
7
481036324480
3
481036324481
1
481036324482
3
481036324485
8
481036324487
3
481036324488
1
481036337184
18
481036337198
31
481036337199
5
481036337249
1212
481036337253
640
481036337254
23
481036337256
251
481036337257
172
481036337260
728
481036337262
10
481036337263
1112
481036337264
205
481036337266
1796
481036337267
126
481036337268
161
481036337269
168
485331288738
3
485331288740
13
485331288742
4
485331288744
1
485331288745
598
485331288746
16
485331288749
2
485331288755
1
485331288756
9
485331288757
1
485331288762
2
485331288961
1
485331288979
2
485331289218
1
485331289241
1
485331289249
1
485331304480
55
485331304489
2
485331304545
1
485331304565
1927
485331304567
1
489626271776
2314
489626271778
53
489626271784
28
489626271785
18
489626271788
65
489626271789
27
489626271790
20
489626271791
22
489626271794
1
489626271841
1652
489626271842
35
489626271843
712
489626271844
196
489626271845
4153
489626271846
9
489626271847
426
489626271848
35
489626271849
1591
489626271850
10
489626271851
109
489626271852
72
489626271853
1216
489626271854
206
489626271855
1598
489626271856
32
489626271857
28
489626271858
151
489626271859
808
489626271860
1141
489626271861
393
489626271862
173
489626271863
13
489626271865
124
489626271866
80
493921223329
12
493921223330
1
493921223332
8
493921223333
2
493921223335
2
493921223336
84
493921223337
1071
493921223338
14
493921223341
5
493921223347
3
493921223348
40
493921223350
4
493921223352
1
493921223354
1
493921223356
15
493921223553
1
493921223571
1
493921223577
1
493921223585
12
493921223587
7
493921223595
4
493921223851
1
493921223855
1
493921223870
1
493921239072
8097
493921239074
31
493921239079
61
493921239081
41
493921239084
413
493921239085
78
493921239086
47
493921239087
13
493921239093
1
493921239094
1
493921239098
9
493921239099
13
493921239137
888
493921239138
35
493921239139
381
493921239140
12
493921239141
1550
493921239142
32
493921239143
9
493921239144
38
493921239145
1633
493921239146
23
493921239147
336
493921239148
205
493921239149
69
493921239150
8
493921239151
770
493921239152
619
493921239153
92
493921239154
7
493921239155
1459
493921239156
1916
493921239157
643
493921239158
59
493921239159
8
493921239161
125
493921239162
117
498216190625
1
498216190627
1
498216190628
4
498216190632
9
498216190633
412
498216190637
2
498216190648
2
498216190651
1
498216190652
3
498216190849
4
498216191106
1
498216206368
4319
498216206370
32
498216206376
24
498216206377
32
498216206380
167
498216206381
18
498216206382
14
498216206383
32
498216206386
1
498216206387
1
498216206388
4
498216206389
1
498216206390
1
498216206394
2
498216206395
11
498216206433
1905
498216206434
8
498216206435
30
498216206436
5
498216206437
3250
498216206438
4
498216206439
5
498216206440
264
498216206441
4777
498216206442
1
498216206443
24
498216206444
31
498216206445
5
498216206446
45
498216206447
965
498216206448
1
498216206450
1718
498216206451
697
498216206452
259
498216206453
949
498216206454
93
498216206455
22
498216206457
78
498216206458
4
502511157920
44
502511157921
14
502511157922
9
502511157924
27
502511157925
4
502511157926
1
502511157928
58
502511157929
1057
502511157933
13
502511157939
4
502511157940
2
502511157942
1
502511157944
1
502511157946
12
502511157947
4
502511157948
4
502511158145
17
502511158149
15
502511158163
1
502511158187
1
502511158425
6
502511158443
13
502511158447
2
502511160751
1
502511173664
1519
502511173666
4
502511173671
113
502511173672
2
502511173673
13
502511173676
23
502511173677
15
502511173679
1
502511173683
1
502511173691
2
502511173729
293
502511173730
169
502511173731
224
502511173732
229
502511173733
1303
502511173734
40
502511173735
98
502511173736
12
502511173737
790
502511173738
9
502511173739
73
502511173740
339
502511173741
153
502511173742
1807
502511173743
55
502511173744
144
502511173745
4
502511173746
2212
502511173747
386
502511173748
826
502511173749
21
502511173750
225
502511173751
12
502511173752
529
502511173754
44
506806125215
1
506806125223
1
506806125224
1
506806125225
40
506806125229
1
506806125233
3
506806125453
6
506806125473
1
506806125475
4
506806125698
9
506806125729
28
506806125758
4
506806140960
42
506806140962
2
506806140969
5
506806140972
68
506806140974
13
506806140986
1
506806141025
452
506806141026
11
506806141028
3
506806141029
1374
506806141033
950
506806141034
4
506806141035
1
506806141036
13
506806141037
6
506806141038
32
506806141039
189
506806141041
2
506806141042
304
506806141043
7
506806141044
2
506806141045
55
506806141046
2
506806141049
41
511101092513
12
511101092516
4
511101092517
11
511101092518
1
511101092521
108
511101092522
5
511101092525
16
511101092541
6
511101092763
10
511101093025
10
511101095345
4
511101095348
1
511101095349
4
511101095353
2
511101095556
5
511101095561
1
511101108256
29
511101108258
6
511101108268
1
511101108269
1
511101108270
2
511101108271
3
511101108321
52
511101108325
61
511101108328
3
511101108329
42
511101108331
6
511101108332
2
511101108333
1
511101108334
13
511101108335
10
511101108338
13
511101108339
3
511101108340
1
511101108343
1
511101108345
33
515396060290
3
515396075552
504
515396075561
3
515396075564
36
515396075565
33
515396075567
1
515396075617
144
515396075619
26
515396075621
329
515396075625
128
515396075627
3
515396075632
74
515396075633
2
515396075636
15
515396075637
1
519691027113
23
519691042848
246
519691042850
16
519691042857
13
519691042860
17
519691042867
2
519691042875
9
519691042913
108
519691042914
2
519691042915
149
519691042916
40
519691042917
25
519691042919
43
519691042920
2
519691042921
7
519691042922
2
519691042923
14
519691042924
34
519691042925
17
519691042926
93
519691042927
7
519691042928
20
519691042930
23
519691042931
197
519691042932
49
519691042934
1
519691042935
1
519691042938
3
523985994401
6
523985994409
2
523985994413
6
523985994419
7
523985994422
2
523985994913
2
523985994940
9
523986010144
32
523986010146
1
523986010153
1
523986010156
2
523986010209
65
523986010210
3
523986010211
4
523986010212
23
523986010213
143
523986010215
1
523986010216
1
523986010217
169
523986010218
8
523986010219
25
523986010221
2
523986010222
42
523986010223
45
523986010224
6
523986010227
10
523986010228
37
523986010229
11
523986010231
2
523986010233
13
523986010234
5
528280961697
49
528280961709
2
528280961724
3
528280961921
1
528280961925
3
528280962193
2
528280962201
4
532575944736
2652
18438158623063408672
46
18438158623063408747
1
18438158623063408748
3
18446676586888429600
2
18446676586888429667
1
18446676586888429680
1
18446676591183396896
852
18446676591183396909
2
18446676595478364192
144
18446676595478364201
7
18446676595478364259
9
18446676595478364260
4
18446676595478364263
39
18446676595478364266
2
18446676595478364267
1
18446676595478364268
15
18446676595478364269
2
18446676595478364270
14
18446676595478364272
8
18446676595478364274
24
18446676595478364275
11
18446676595478364276
18
18446676595478364278
4
18446676595478364282
2
18446676599773316232
1
18446676599773316249
4
18446676599773316286
2
18446676599773331554
1
18446676599773331555
15
18446676599773331559
11
18446676599773331572
17
18446676604068298863
4
18446676608363266093
1
18446676608363266095
1
18446676608363266146
3
18446676608363266148
11
18446676608363266150
2
18446676608363266151
3
18446676608363266153
2
18446676608363266155
31
18446676608363266156
10
18446676608363266157
3
18446676608363266158
21
18446676608363266162
42
18446676608363266163
6
18446676608363266164
26
18446676608363266169
1
18446676612658217631
2
18446676612658217636
13
18446676612658233442
1
18446676612658233444
2
18446676612658233445
4
18446676612658233452
1
18446676612658233458
12
18446676612658233461
1
18446676616953200740
4
18446676616953200743
14
18446676616953200747
1
18446676616953200748
1
18446676616953200749
1
18446676616953200750
1
18446676616953200754
2
18446676616953200755
2
18446676616953200758
1
18446676621248168033
8
18446676621248168047
9
18446676621248168053
22
18446676625543119523
3
18446676625543135330
1
18446676625543135331
10
18446676625543135332
15
18446676625543135335
34
18446676625543135340
1
18446676625543135341
53
18446676625543135342
15
18446676625543135345
13
18446676625543135346
229
18446676625543135347
132
18446676625543135348
6
18446676625543135350
11
18446676629838102560
754
18446676629838102562
2
18446676629838102568
4
18446676629838102569
2
18446676629838102572
45
18446676629838102574
11
18446676629838102575
1
18446676629838102621
1
18446676629838102625
114
18446676629838102626
2
18446676629838102627
622
18446676629838102628
381
18446676629838102629
922
18446676629838102630
83
18446676629838102631
210
18446676629838102632
20
18446676629838102634
25
18446676629838102635
17
18446676629838102636
308
18446676629838102637
91
18446676629838102638
344
18446676629838102639
54
18446676629838102640
159
18446676629838102641
89
18446676629838102642
617
18446676629838102643
887
18446676629838102644
1046
18446676629838102645
26
18446676629838102646
82
18446676629838102650
1
18446676634133054114
1
18446676634133054121
25
18446676634133069923
16
18446676634133069933
38
18446676634133069934
1
18446676634133069940
111
18446676634133069941
1
18446676638428037167
38
18446676638428037235
2
18446676647017971744
116
18446676647017971746
7
18446676647017971753
1
18446676647017971756
2
18446676647017971809
44
18446676647017971811
7
18446676647017971812
2
18446676647017971814
1
18446676647017971816
2
18446676647017971819
13
18446676647017971820
1
18446676647017971821
12
18446676647017971822
20
18446676647017971826
1
18446676647017971827
4
18446676647017971828
20
18446676647017971830
2
18446676647017971834
4
18446676651312939107
1
18446676651312939118
2
18446676651312939124
57
18446676655607906405
1
18446676664197840993
41
18446676672787775520
4
18446676672787775588
3
18446676672787775591
56
18446676672787775596
2
18446676672787775597
1
18446676672787775598
11
18446676672787775600
2
18446676672787775602
3
18446676672787775603
3
18446676672787775607
13
18446676672787775610
3
18446676677082742892
41
18446676677082742893
152
18446676677082742896
6
18446676677082742898
4
18446676677082742900
7
18446676681377710180
1
18446676681377710181
1
18446676681377710188
1
18446676681377710192
6
18446676685672677408
2
18446676685672677423
1
18446676685672677478
1
18446676685672677479
14
18446676685672677480
2
18446676685672677483
1
18446676685672677485
1
18446676685672677486
4
18446676685672677488
1
18446676685672677490
17
18446676685672677491
40
18446676685672677492
7
18446676685672677494
3
18446676694262612066
1
18446676694262612068
1
18446676694262612071
2
18446676694262612074
4
18446676694262612076
1
18446676694262612078
2
18446676694262612082
7
18446676698557579296
35
18446676702852546658
2
18446676702852546660
9
18446676702852546674
14
18446676702852546675
1
18446676702852546676
1
18446676702852546682
3
18446676707147513965
2
18446676707147513970
5
18446676707147513972
8
18446676711442481250
14
18446676711442481252
1
18446676711442481254
14
18446676711442481255
7
18446676711442481256
1
18446676711442481260
15
18446676711442481262
7
18446676711442481266
18
18446676711442481267
2
18446676711442481274
1
18446676715737432735
1
18446676715737448480
22
18446676715737448547
10
18446676715737448564
3
18446677557551038496
10
18446677557551038563
7
18446677557551038564
2
18446677557551038570
1
18446677557551038572
3
18446677557551038573
4
18446677557551038574
2
18446677557551038578
19
18446677557551038579
8
18446677557551038580
19
18446677561845990590
1
18446677574730907680
28
18446677574730907692
2
18446677574730907747
5
18446677574730907748
1
18446677574730907760
2
18446677574730907763
1
18446677600500711456
1
18446677600500711525
5
18446677600500711529
11
18446677600500711530
7
18446677604795663243
2
18446677609090646113
2
18446677609090646117
63
18446677609090646121
2
18446677609090646122
1
18446677609090646126
15
18446677613385597613
2
18446677634860449824
1
18446677634860449891
1
18446677634860449892
1
18446677634860449898
1
18446677634860449901
1
18446677634860449906
2
18446677639155401889
2
18446677652040319008
6
18446677652040319082
10
18446677652040319091
6
18446677660630253600
14
18446677660630253667
1
18446677660630253671
6
18446677660630253684
1
18446677669220188194
2
18446677669220188260
7
18446677669220188268
3
18446677669220188270
2
18446677669220188274
3
18446677669220188276
4
18446677673515140249
1
18446677694989991968
1
18446677694989992037
4
18446677694989992041
34
18446677703579926625
2
18446677703579926633
34
18446677703579926645
2
18446677720759795809
3
18446677720759795826
1
18446677725054747559
1
18446677737939664994
13
18446677737939664996
3
18446677737939664999
3
18446677737939665006
6
18446677737939665012
2
18446677789479272553
10
18446677810954109025
3
18446677810954109045
1
18446677819544043552
1
18446677819544043635
7
18446678661357633568
21
18446678661357633633
10
18446678661357633635
2
18446678661357633637
5
18446678661357633647
9
18446678661357633653
5
18446678661357633657
2
18446678665652585139
4
18446678669947568160
1
18446678669947568162
1
18446678669947568172
1
18446678669947568227
5
18446678669947568243
11
18446678687127437427
1
18446678725782143008
4
18446678725782143021
1
18446678725782143079
2
18446678725782143081
2
18446678725782143090
1
18446678725782143098
1
18446678734372077684
2
18446678734372077685
14
18446678760141881376
2
18446678760141881378
1
18446678760141881388
2
18446678760141881445
4
18446678760141881454
3
18446678760141881455
3
18446678760141881459
12
18446678764436832941
6
18446678768731816035
2
18446678768731816044
1
18446678768731816050
2
18446678794501619744
1
18446678794501619809
5
18446678794501619811
5
18446678794501619813
25
18446678794501619817
1
18446678794501619819
55
18446678794501619822
1
18446678794501619823
2
18446678794501619824
5
18446678794501619828
12
18446678798796571309
2
18446678798796571563
3
18446678798796571809
2
18446678837451292786
12
18446678837451292788
2
18446678841746244769
2
18446678854631161888
1
18446678854631161890
2
18446678854631161965
1
18446678854631161971
10
18446678863221096566
1
18446678871811031072
6
18446678901875802144
1
18446678901875802156
1
18446678901875802222
1
18446678910465736809
1
18446678910465736810
1
18446678910465736814
6
18446678910465736819
8
18446678910465736821
1
18446678910465736825
51
18446678919055671342
1
18446678919055671393
2
18446678919055671397
6
18446678919055671401
7
18446678919055671406
2
18446678919055671407
1
18446678919055671413
1
18446678919055671417
10
18446688737350909984
4
18446688741645864372
2
18446688741645864578
39
18446688741645864579
4
18446688741645864580
9
18446688745940831665
1
18446688745940831674
1
18446688745940831675
2
18446688745940831677
2
18446688745940831872
1
18446688745940831873
4
18446688745940844576
66
18446688745940844589
1
18446688750235798972
11
18446688750235799169
2
18446688750235799170
44
18446688750235799172
1
18446688750235811872
1
18446688750235811951
5
18446688754530766257
73
18446688754530766260
3
18446688754530766266
6
18446688754530766271
20
18446688754530766464
3
18446688754530766468
6
18446688754530766473
3
18446688758825746464
67
18446688758825746477
1
18446688758825746479
1
18446688758825746482
1
18446688758825746550
5
18446688763120700847
7
18446688763120700850
1
18446688763120700851
7
18446688763120700852
3
18446688763120700856
9
18446688763120700857
40
18446688763120700858
15
18446688763120700859
7
18446688763120700860
5
18446688763120700861
17
18446688763120700862
1
18446688763120701056
6
18446688763120701057
20
18446688763120701058
30
18446688763120701059
10
18446688763120701060
69
18446688763120701061
4
18446688763120701062
7
18446688767415668145
3
18446688767415668149
2
18446688767415668153
4
18446688767415668159
7
18446688767415681135
1
18446688767415681142
2
18446688771710635437
1
18446688771710635439
49
18446688771710635441
4
18446688771710635443
12
18446688771710635445
28
18446688771710635447
1
18446688771710635449
23
18446688771710635450
2
18446688771710635453
4
18446688771710635455
3
18446688771710635649
8
18446688771710635653
2
18446688771710648431
6
18446688776005602735
4
18446688776005602737
1
18446688776005602741
13
18446688776005602743
1
18446688776005602745
24
18446688776005602751
13
18446688776005602945
5
18446688776005602953
2
18446688776005615648
3
18446688776005615657
2
18446688776005615662
3
18446688776005615734
2
18446688780300570031
22
18446688780300570034
2
18446688780300570035
9
18446688780300570036
2
18446688780300570037
4
18446688780300570040
5
18446688780300570041
31
18446688780300570042
9
18446688780300570043
43
18446688780300570044
1
18446688780300570045
8
18446688780300570240
14
18446688780300570241
10
18446688780300570243
3
18446688780300570244
3
18446688780300570245
35
18446688780300570246
2
18446688780300570247
11
18446688780300570253
1
18446688784595550240
10
18446688784595550326
2
18446688788890504627
1
18446688788890504635
10
18446688788890504636
4
18446688788890504637
12
18446688788890504833
2
18446688788890504834
14
18446688788890504835
11
18446688788890504836
17
18446688788890504839
3
18446688788890517545
1
18446688788890517615
7
18446688793185471921
2
18446688793185471925
5
18446688793185471927
4
18446688793185471933
5
18446688793185471935
4
18446688793185472129
3
18446688793185472142
3
18446688793185484832
17
18446688793185484846
3
18446688793185484911
13
18446688793185484918
5
18446688797480439212
4
18446688797480439217
43
18446688797480439220
24
18446688797480439221
5
18446688797480439223
7
18446688797480439226
135
18446688797480439228
5
18446688797480439229
7
18446688797480439231
24
18446688797480439424
1
18446688797480439425
17
18446688797480439427
25
18446688797480439428
6
18446688797480439433
1
18446688797480439438
3
18446688797480452207
1
18446688801775406508
4
18446688801775406510
93
18446688801775406513
22
18446688801775406516
1
18446688801775406517
6
18446688801775406519
8
18446688801775406527
14
18446688801775406720
4
18446688801775406721
4
18446688801775406724
12
18446688801775406732
30
18446688801775406733
39
18446688801775406734
7
18446688801775419503
28
18446688806070373804
40
18446688806070373806
7
18446688806070373807
1
18446688806070373809
4
18446688806070373813
14
18446688806070373815
2
18446688806070373817
7
18446688806070373819
42
18446688806070373820
3
18446688806070373823
35
18446688806070374021
2
18446688806070374022
2
18446688806070374025
4
18446688806070374030
2
18446688806070386799
2
18446688810365341100
5
18446688810365341101
3
18446688810365341102
6
18446688810365341103
4
18446688810365341105
46
18446688810365341106
7
18446688810365341109
5
18446688810365341111
4
18446688810365341113
6
18446688810365341116
3
18446688810365341119
5
18446688810365341312
1
18446688810365341317
1
18446688810365341321
2
18446688810365341326
2
18446688810365354016
37
18446688810365354030
1
18446688810365354031
1
18446688810365354095
6
18446688814660308399
3
18446688814660308401
10
18446688814660308404
1
18446688814660308405
13
18446688814660308407
1
18446688814660308409
24
18446688814660308415
34
18446688814660308612
12
18446688814660308617
9
18446688814660308622
5
18446688818955275705
1
18446688818955288608
34
18446688818955288621
2
18446688823250242991
2
18446688823250242993
1
18446688823250242994
1
18446688823250242995
32
18446688823250242996
15
18446688823250243000
1
18446688823250243001
18
18446688823250243002
5
18446688823250243003
40
18446688823250243004
5
18446688823250243005
19
18446688823250243200
10
18446688823250243201
6
18446688823250243202
55
18446688823250243203
16
18446688823250243204
4
18446688823250243205
36
18446688823250243206
2
18446688823250243207
2
18446688823250243208
1
18446688823250243213
16
18446689647883976745
1
18446689647883976815
1
18446689647883976822
1
18446689652178931121
26
18446689652178931125
5
18446689652178931128
1
18446689652178931129
19
18446689652178931131
6
18446689652178931133
1
18446689652178931135
24
18446689652178931329
49
18446689652178931332
15
18446689652178931333
2
18446689652178931340
1
18446689652178944111
14
18446689656473898413
1
18446689656473898417
17
18446689656473898419
30
18446689656473898420
2
18446689656473898421
4
18446689656473898423
6
18446689656473898424
4
18446689656473898425
51
18446689656473898428
5
18446689656473898431
67
18446689656473898629
4
18446689656473898631
12
18446689656473898633
2
18446689656473898636
9
18446689656473898637
2
18446689656473898638
3
18446689656473911328
185
18446689656473911330
2
18446689656473911340
2
18446689665063833006
1
18446689665063833007
2
18446689665063833009
3
18446689665063833015
23
18446689665063833016
2
18446689665063833017
7
18446689665063833018
6
18446689665063833023
4
18446689665063833219
3
18446689665063833220
33
18446689665063833221
7
18446689665063833223
9
18446689665063833225
1
18446689665063833228
1
18446689665063845934
3
18446689665063845999
8
18446689669358800300
2
18446689669358800301
6
18446689669358800302
10
18446689669358800303
7
18446689669358800305
14
18446689669358800309
21
18446689669358800311
26
18446689669358800313
51
18446689669358800315
5
18446689669358800316
6
18446689669358800319
35
18446689669358800513
53
18446689669358800515
1
18446689669358800517
13
18446689669358800521
6
18446689669358800524
3
18446689669358813216
16
18446689669358813228
1
18446689669358813302
1
18446689673653767603
10
18446689673653767612
18
18446689673653767613
2
18446689673653767808
9
18446689673653767809
35
18446689673653767811
2
18446689673653767812
28
18446689673653767815
19
18446689677948734894
5
18446689677948734897
3
18446689677948734904
2
18446689677948735105
4
18446689677948735109
4
18446689677948735118
2
18446689677948747887
2
18446689682243702191
15
18446689682243702193
3
18446689682243702197
17
18446689682243702201
16
18446689682243702205
10
18446689682243702207
10
18446689682243702414
1
18446689686538669701
6
18446689686538682486
1
18446689690833636796
5
18446689690833636797
17
18446689690833636992
1
18446689690833636995
3
18446689690833636996
6
18446689699423584288
19
18446689703718538674
1
18446689703718538675
1
18446689703718538684
3
18446689703718538685
9
18446689703718538882
4
18446689703718538884
7
18446689703718551584
6
18446689708013505979
7
18446689708013505980
2
18446689708013506176
39
18446689708013506177
1
18446689708013506180
1
18446689708013506183
2
18446689708013518966
1
18446689712308473268
1
18446689712308473271
2
18446689712308473277
17
18446689712308473279
1
18446689712308473473
6
