2394
137438953506
146
137438953511
1
137438953512
715
137438953515
1
137438953517
22
137438953519
4
137438953520
2
137438953521
728
137438953522
388
137438953523
155
137438953524
113
137438953525
203
137438953526
43
137438953527
44
137438953528
47
137438953529
16
137438953563
53
137438953569
4681
137438953570
878
137438953571
978
137438953572
945
137438953573
2443
137438953574
1174
137438953575
812
137438953576
1160
137438953577
1653
137438953578
437
137438953579
3007
137438953580
766
137438953581
2273
137438953582
687
137438953583
1115
137438953584
713
137438953585
18
137438953586
686
137438953587
2660
137438953588
2540
137438953589
368
137438953590
1557
137438953591
71
137438953592
1
137438953593
52
137438953594
158
137438953596
2652
141731921811
3
141731921812
145
141733905057
711
141733905060
8
141733905061
1
141733905065
1748
141733905069
12
141733905075
38
141733905077
6
141733905078
170
141733905080
2
141733905082
37
141733905084
45
141733905281
6
141733905291
5
141733905293
5
141733905313
3
141733905315
2
141733905335
6
141733905538
2
141733905553
12
141733905561
2
141733905563
3
141733905569
37
141733905585
1
141733905598
2
141733907884
3
141733907886
3
141733907889
41
141733907890
3
141733907891
11
141733907892
7
141733907893
38
141733907895
1
141733907896
9
141733907897
18
141733907898
22
141733907899
1
141733907900
17
141733907901
25
141733907903
23
141733908096
49
141733908097
3
141733908099
23
141733908100
28
141733908101
13
141733908102
7
141733908103
13
141733908104
4
141733908105
2
146028888096
123
146028888105
254
146028888108
7
146028888109
5
146028888113
2
146028888122
9
146028888161
25
146028888162
27
146028888163
3
146028888164
32
146028888165
12
146028888166
21
146028888167
10
146028888168
6
146028888169
9
146028888171
22
146028888172
13
146028888173
69
146028888174
9
146028888175
17
146028888176
19
146028888178
4
146028888179
34
146028888180
10
146028888181
11
146028888182
17
146028888183
6
146028888186
5
150321856404
2
150323839657
20
150323839674
1
150323839676
1
150323839885
2
150323842495
1
150323842692
1
163208757363
2
167503724576
16
167503724641
16
167503724645
49
167503724648
1
167503724649
7
167503724655
3
167503724659
5
167503724661
1
171798676137
6
171798678961
1
171798691872
1
171798691874
251
171798691885
4
171798691889
113
171798691890
95
171798691891
58
171798691892
22
171798691893
11
171798691894
11
171798691895
3
171798691896
1
171798691897
1
171798691937
69
171798691938
29
171798691939
18
171798691940
22
171798691941
23
171798691942
6
171798691943
4
171798691944
14
171798691945
33
171798691946
1
171798691947
15
171798691948
15
171798691949
14
171798691950
11
171798691951
11
171798691952
17
171798691954
13
171798691955
21
171798691956
4
171798691957
7
171798691958
8
171798691961
2
171798691962
3
176093643425
2
176093643432
10
176093643433
11
176093643452
1
176093646257
1
176093646261
1
176093646266
1
176093646468
4
176093659168
789
176093659170
24
176093659176
1
176093659177
2
176093659180
58
176093659182
3
176093659183
9
176093659185
1
176093659186
1
176093659194
2
176093659195
13
176093659229
3
176093659233
38
176093659234
3
176093659236
4
176093659237
1
176093659239
1
176093659240
1
176093659241
4
176093659243
1
176093659244
2
176093659248
1
176093659251
3
176093659252
4
176093659253
1
176093659254
2
176093659255
1
180386627476
1
180388610721
2
180388611202
1
184683593760
1
188978561056
2601
188978561058
1
188978561068
1
188978561074
1
188978561075
1
188978561077
1
193273515651
1
193273528352
488
193273528364
14
193273528365
336
193273528369
4
193273528372
1
193273528417
29
193273528418
10
193273528419
3
193273528420
5
193273528421
31
193273528422
22
193273528423
14
193273528424
4
193273528425
89
193273528426
21
193273528427
21
193273528428
12
193273528429
5
193273528430
15
193273528431
12
193273528432
7
193273528433
2
193273528434
14
193273528435
7
193273528436
56
193273528437
4
193273528438
15
193273528439
1
197568479905
8
197568479913
2
197568479932
1
197568480161
1
197568480167
1
197568482739
2
197568482944
1
197568495648
1559
197568495650
8
197568495657
44
197568495660
180
197568495661
5
197568495665
96
197568495666
122
197568495667
59
197568495668
26
197568495669
20
197568495670
19
197568495671
19
197568495672
4
197568495673
2
197568495674
2
197568495713
32
197568495714
8
197568495715
10
197568495716
39
197568495717
17
197568495718
4
197568495719
1
197568495720
8
197568495721
5
197568495723
8
197568495724
1
197568495725
11
197568495726
2
197568495727
2
197568495728
1
197568495730
4
197568495731
9
197568495732
13
197568495733
23
197568495734
14
197568495738
3
201863447201
1
201863447222
1
201863450037
3
201863450041
3
201863450042
2
201863450044
1
201863450045
2
201863450240
10
201863450244
2
201863450245
4
201863462944
27
201863462961
56
201863462962
25
201863462963
23
201863462964
26
201863462965
7
201863462966
5
201863462967
1
201863462969
3
201863463009
25
201863463010
77
201863463011
3
201863463012
20
201863463013
93
201863463014
40
201863463015
7
201863463016
23
201863463017
7
201863463019
14
201863463020
13
201863463021
10
201863463022
4
201863463023
8
201863463024
14
201863463026
5
201863463027
14
201863463028
8
201863463029
3
201863463030
15
201863463033
2
201863463034
2
206158414497
4
206158414505
9
206158414518
2
206158417338
1
206158417340
1
206158430240
48
206158430249
4
206158430253
23
206158430254
102
206158430255
13
206158430256
237
206158430257
19
206158430258
18
206158430259
17
206158430260
125
206158430261
12
206158430262
14
206158430263
17
206158430264
3
206158430265
2
206158430301
6
210451398548
4
210453397536
35
210453397545
88
210453397549
39
210453397550
442
210453397551
12
210453397552
33
210453397553
36
210453397554
40
210453397555
29
210453397556
22
210453397557
20
210453397558
17
210453397559
18
210453397560
23
210453397561
432
210453397597
15
214746365844
6
214748364832
58
214748364841
87
214748364845
4
214748364846
237
214748364847
21
214748364848
265
214748364849
30
214748364850
15
214748364851
48
214748364852
36
214748364853
24
214748364854
8
214748364855
15
214748364856
35
214748364857
17
214748364893
11
219041333140
4
219043332128
50
219043332137
51
219043332141
18
219043332142
189
219043332143
13
219043332144
20
219043332145
52
219043332146
11
219043332147
20
219043332148
25
219043332149
19
219043332150
41
219043332151
21
219043332152
25
219043332153
18
219043332189
10
223336300436
3
223338299424
57
223338299433
22
223338299436
1
223338299437
10
223338299438
283
223338299439
18
223338299440
27
223338299441
10
223338299442
10
223338299443
14
223338299444
14
223338299445
18
223338299446
20
223338299447
11
223338299448
14
223338299449
7
223338299485
10
227631267732
2
227633266720
41
227633266729
12
227633266732
1
227633266733
10
227633266734
274
227633266735
21
227633266736
13
227633266737
14
227633266738
12
227633266739
10
227633266740
9
227633266741
13
227633266742
12
227633266743
4
227633266744
24
227633266745
9
227633266781
10
231928234016
20
231928234025
11
231928234029
13
231928234030
119
231928234031
21
231928234032
10
231928234033
11
231928234034
6
231928234035
3
231928234036
17
231928234037
4
231928234038
4
231928234039
3
231928234040
25
231928234041
13
231928234077
8
236223201312
22
236223201321
6
236223201325
6
236223201326
95
236223201327
30
236223201328
10
236223201329
19
236223201330
4
236223201331
5
236223201332
1
236223201333
15
236223201334
27
236223201335
21
236223201336
19
236223201337
10
236223201373
6
240516169620
1
240518168608
40
240518168617
4
240518168621
10
240518168622
97
240518168623
53
240518168624
36
240518168625
13
240518168626
14
240518168627
19
240518168628
14
240518168629
34
240518168630
15
240518168631
26
240518168632
30
240518168633
21
240518168669
6
244811136916
1
244813135904
41
244813135913
5
244813135917
13
244813135918
50
244813135919
28
244813135920
9
244813135921
14
244813135922
15
244813135923
10
244813135924
58
244813135925
41
244813135926
25
244813135927
76
244813135928
165
244813135929
169
244813135965
6
249108103200
152
249108103202
1
249108103265
1
249108103268
1
253403070496
91
253403070581
16
261993005088
2
390842023985
44
390842023986
20
390842023987
4
390842023988
4
390842023989
4
390842023990
4
390842023991
4
390842023992
4
390842023993
4
390842024033
1
390842024034
1
390842024036
1
390842024044
1
390842024045
2
390842024051
1
399431958560
71
399431958562
2
399431958572
14
399431958625
2
399431958645
1
412316860448
5
416611827744
4464
416611827746
47
416611827751
16
416611827753
78
416611827756
239
416611827757
17
416611827758
20
416611827759
42
416611827762
5
416611827770
2
416611827771
15
416611827808
5
416611827809
76
416611827810
253
416611827811
192
416611827812
584
416611827813
48
416611827814
35
416611827815
1178
416611827816
49
416611827817
829
416611827818
178
416611827819
1995
416611827820
2605
416611827821
1425
416611827822
2218
416611827823
1
416611827824
465
416611827825
2
416611827826
1293
416611827827
618
416611827828
2447
416611827829
201
416611827830
146
416611827831
15
416611827832
26
416611827834
1620
420906779297
2
420906779303
2
420906779305
4
420906779309
35
420906779310
1
420906779313
38
420906779315
1
420906779322
9
420906779531
3
420906779533
4
420906779559
2
420906779580
1
420906779778
25
420906779780
8
420906779801
13
420906779803
1
420906779809
3
420906779834
1
420906779838
10
420906795040
367
420906795042
1
420906795049
60
420906795052
8
420906795053
1
420906795054
26
420906795105
714
420906795106
479
420906795107
4
420906795108
6
420906795109
1430
420906795110
2
420906795111
4
420906795113
438
420906795114
1
420906795115
7
420906795116
81
420906795118
25
420906795119
255
420906795122
42
420906795123
38
420906795124
2
420906795125
31
420906795126
6
420906795129
22
420906795130
2
425201746593
162
425201746601
44
425201746605
20
425201746611
51
425201746614
10
425201746616
2
425201746618
5
425201746620
5
425201746817
6
425201746835
2
425201747089
35
425201747121
2
425201762336
52
425201762338
1
425201762345
43
425201762349
12
425201762350
10
425201762351
1
425201762358
1
425201762401
244
425201762403
24
425201762404
1
425201762405
215
425201762408
1042
425201762409
821
425201762410
14
425201762411
56
425201762412
34
425201762413
4
425201762414
40
425201762415
212
425201762416
1
425201762418
20
425201762419
434
425201762420
197
425201762421
71
425201762422
1
425201762423
2
425201762425
14
425201762426
41
429496713897
82
429496713898
1
429496713901
204
429496713907
1
429496714155
10
429496714370
4
429496729632
454
429496729634
11
429496729639
52
429496729641
30
429496729644
10
429496729645
8
429496729646
13
429496729647
2
429496729659
3
429496729697
312
429496729698
9
429496729699
1
429496729700
6
429496729701
1201
429496729702
1
429496729703
4
429496729704
35
429496729705
935
429496729706
52
429496729707
7
429496729708
16
429496729709
12
429496729710
51
429496729711
528
429496729712
7
429496729714
67
429496729715
126
429496729716
31
429496729717
62
429496729718
13
429496729719
13
429496729721
46
429496729722
44
433791681185
127
433791681188
1
433791681193
384
433791681197
12
433791681203
143
433791681206
20
433791681212
5
433791681421
7
433791681427
2
433791681435
4
433791681451
1
433791681681
253
433791681711
10
433791681722
3
433791696928
2268
433791696930
42
433791696936
12
433791696937
61
433791696940
174
433791696941
27
433791696942
17
433791696943
81
433791696946
5
433791696947
2
433791696948
1
433791696949
1
433791696950
1
433791696954
4
433791696955
8
433791696993
75
433791696994
101
433791696995
534
433791696996
638
433791696997
147
433791696998
60
433791696999
2131
433791697000
175
433791697001
328
433791697002
80
433791697003
2048
433791697004
4326
433791697005
1009
433791697006
3257
433791697007
31
433791697008
134
433791697009
3
433791697010
3035
433791697011
1932
433791697012
3126
433791697013
254
433791697014
501
433791697015
23
433791697016
65
433791697017
13
433791697018
1207
438086648481
8
438086648484
2
438086648485
2
438086648489
78
438086648493
16
438086648715
6
438086648717
5
438086648737
1
438086648766
3
438086649020
2
438086651323
2
438086664224
132
438086664226
1
438086664233
12
438086664289
133
438086664290
1
438086664293
679
438086664294
20
438086664295
8
438086664296
1
438086664297
227
438086664298
2
438086664300
26
438086664301
1
438086664303
554
438086664306
73
438086664307
14
438086664308
49
438086664309
46
438086664313
14
442381615777
1
442381615780
5
442381615785
42
442381615789
2
442381615798
21
442381615800
5
442381615802
2
442381615804
42
442381616273
72
442381616305
6
442381631520
528
442381631522
8
442381631529
12
442381631532
68
442381631533
7
442381631534
26
442381631535
2
442381631547
2
442381631581
2
442381631585
906
442381631586
108
442381631587
1
442381631588
87
442381631589
984
442381631590
132
442381631591
51
442381631592
78
442381631593
1068
442381631594
17
442381631595
212
442381631596
94
442381631597
5
442381631598
112
442381631599
400
442381631600
1
442381631602
123
442381631603
350
442381631604
43
442381631605
43
442381631606
18
442381631607
1
442381631609
2311
442381631610
146
446676583073
858
446676583076
3
446676583081
292
446676583085
61
446676583091
30
446676583094
10
446676583098
8
446676583100
49
446676583335
1
446676583554
1
446676583569
14
446676583585
1
446676583595
2
446676583601
18
446676598816
122
446676598818
1
446676598825
7
446676598829
5
446676598830
15
446676598843
4
446676598881
867
446676598882
14
446676598884
1
446676598885
616
446676598886
1
446676598888
19
446676598889
501
446676598890
2
446676598891
1
446676598892
78
446676598893
3
446676598894
153
446676598895
521
446676598898
25
446676598899
23
446676598900
34
446676598901
76
446676598903
11
446676598905
15
446676598906
2
450971550369
145
450971550372
11
450971550373
1
450971550374
1
450971550377
32
450971550381
5
450971550387
38
450971550390
19
450971550392
3
450971550394
3
450971550396
1
450971550397
2
450971550593
2
450971550865
1
450971550897
5
450971566112
3090
450971566114
20
450971566121
20
450971566124
212
450971566125
10
450971566126
118
450971566127
55
450971566138
2
450971566139
1
450971566177
933
450971566178
165
450971566179
619
450971566180
368
450971566181
758
450971566182
119
450971566183
459
450971566184
10
450971566185
130
450971566186
329
450971566187
896
450971566188
497
450971566189
172
450971566190
2050
450971566191
497
450971566192
309
450971566193
80
450971566194
786
450971566195
1345
450971566196
912
450971566197
75
450971566198
357
450971566199
11
450971566200
1
450971566202
554
455266517664
1
455266517665
146
455266517668
1
455266517672
3
455266517673
16
455266517674
1
455266517675
38
455266517677
1
455266517683
86
455266517692
8
455266517899
10
455266517901
9
455266517913
1
455266517943
3
455266518148
2
455266518177
5
455266518195
3
455266518204
1
455266520497
10
455266533408
25
455266533417
4
455266533420
5
455266533422
1
455266533473
606
455266533474
1
455266533476
12
455266533477
366
455266533478
1
455266533481
19
455266533483
10
455266533484
14
455266533486
35
455266533487
255
455266533490
2
455266533491
30
455266533492
136
455266533493
177
455266533494
6
455266533498
4
459561484961
390
459561484964
3
459561484966
1
459561484969
48
459561484973
2
459561484979
69
459561484982
3
459561484986
22
459561484988
2
459561485185
2
459561485189
18
459561485489
4
459561500704
2386
459561500706
29
459561500713
16
459561500716
300
459561500717
14
459561500718
29
459561500719
3
459561500730
8
459561500731
2
459561500769
959
459561500770
144
459561500771
17
459561500772
18
459561500773
1686
459561500774
3
459561500775
16
459561500776
41
459561500777
1186
459561500778
2
459561500779
390
459561500780
317
459561500781
542
459561500782
106
459561500783
1306
459561500784
6
459561500786
195
459561500787
136
459561500788
401
459561500789
229
459561500790
30
459561500791
6
459561500793
1
463856452257
179
463856452260
14
463856452265
1463
463856452269
44
463856452275
20
463856452278
745
463856452280
2
463856452282
48
463856452284
139
463856452285
13
463856452481
23
463856452485
2
463856452493
1
463856452540
2
463856452753
2
463856452769
9
463856452785
30
463856452787
3
463856455300
1
463856468000
1529
463856468002
3
463856468007
36
463856468008
3
463856468009
30
463856468012
192
463856468013
29
463856468014
21
463856468015
1
463856468018
2
463856468019
1
463856468026
2
463856468027
11
463856468065
2146
463856468066
32
463856468067
53
463856468068
97
463856468069
2243
463856468070
30
463856468071
384
463856468072
32
463856468073
979
463856468074
301
463856468075
448
463856468076
1626
463856468077
519
463856468078
111
463856468079
953
463856468080
9
463856468081
1
463856468082
16
463856468083
245
463856468084
1098
463856468085
101
463856468086
286
463856468087
3
463856468089
1184
463856468090
17
468151419553
891
468151419556
37
468151419558
14
468151419560
1
468151419561
403
468151419565
234
468151419571
491
468151419572
29
468151419573
2
468151419574
117
468151419578
4
468151419580
65
468151419777
2
468151419781
1
468151419795
1
468151419799
2
468151419801
5
468151419819
5
468151420049
489
468151420079
1
468151435296
759
468151435298
2
468151435302
2
468151435305
6
468151435308
31
468151435309
13
468151435311
1
468151435322
46
468151435323
1
468151435361
1386
468151435362
246
468151435363
2
468151435364
9
468151435365
2427
468151435366
6
468151435367
10
468151435368
2
468151435369
824
468151435370
3
468151435371
22
468151435372
171
468151435373
119
468151435374
41
468151435375
263
468151435376
120
468151435378
15
468151435379
32
468151435380
14
468151435381
145
468151435382
14
468151435383
1
468151435385
3
468151435386
47
472446386849
663
472446386852
9
472446386857
695
472446386861
9
472446386867
70
472446386870
6
472446386874
25
472446386876
2
472446387073
8
472446387095
10
472446387099
6
472446387115
1
472446387330
1
472446387345
6
472446387377
207
472446402592
2450
472446402594
37
472446402600
1
472446402601
34
472446402604
220
472446402605
21
472446402606
11
472446402607
14
472446402611
1
472446402613
1
472446402614
2
472446402618
12
472446402619
7
472446402657
939
472446402658
27
472446402659
138
472446402660
959
472446402661
1181
472446402662
98
472446402663
426
472446402664
51
472446402665
1309
472446402666
8
472446402667
171
472446402668
82
472446402669
58
472446402670
275
472446402671
363
472446402672
19
472446402673
3
472446402674
10
472446402675
340
472446402676
1379
472446402677
236
472446402678
13
472446402679
3
472446402681
1381
472446402682
43
476741354145
175
476741354148
14
476741354150
5
476741354151
6
476741354153
202
476741354157
139
476741354163
25
476741354166
256
476741354170
207
476741354172
21
476741354173
14
476741354369
3
476741354381
9
476741354391
12
476741354393
15
476741354395
2
476741354411
2
476741354641
168
476741354673
1
476741354682
1
476741354684
49
476741354686
8
476741369888
379
476741369890
14
476741369897
6
476741369900
7
476741369901
51
476741369902
24
476741369903
23
476741369953
8
476741369954
85
476741369955
293
476741369956
210
476741369957
55
476741369958
200
476741369959
1205
476741369960
11
476741369961
19
476741369962
54
476741369963
1272
476741369964
2068
476741369965
657
476741369966
1029
476741369967
68
476741369968
224
476741369969
1
476741369970
1462
476741369971
1028
476741369972
762
476741369973
117
476741369974
260
476741369975
34
476741369976
5
476741369977
20
476741369978
688
481036321677
1
481036321697
21
481036321699
25
481036321719
1
481036321922
9
481036321924
8
481036321945
2
481036321953
15
481036321980
6
481036321982
1
481036324271
3
481036324274
1
481036324275
25
481036324276
6
481036324280
1
481036324282
2
481036324283
28
481036324284
7
481036324480
3
481036324481
1
481036324482
3
481036324485
8
481036324487
3
481036324488
1
481036337184
18
481036337196
1
481036337197
3
481036337198
1
481036337199
5
481036337249
390
481036337250
1
481036337251
70
481036337253
632
481036337254
51
481036337255
5
481036337256
33
481036337257
185
481036337258
77
481036337259
19
481036337260
328
481036337261
1
481036337262
15
481036337263
643
481036337264
53
481036337266
207
481036337267
89
481036337268
41
481036337269
87
481036337270
6
481036337274
713
485331288737
15
485331288740
13
485331288742
4
485331288745
89
485331288749
330
485331288755
3
485331288756
4
485331288757
1
485331288762
2
485331288764
27
485331288961
1
485331288979
2
485331289218
1
485331289233
3
485331289241
1
485331289249
1
485331304480
1
485331304489
2
485331304545
1
485331304565
131
485331304567
1
489626271776
720
489626271778
56
489626271784
16
489626271785
30
489626271788
37
489626271789
30
489626271790
18
489626271791
26
489626271794
1
489626271802
1
489626271803
2
489626271841
1145
489626271842
56
489626271843
267
489626271844
158
489626271845
1521
489626271846
10
489626271847
355
489626271848
82
489626271849
887
489626271850
47
489626271851
145
489626271852
329
489626271853
348
489626271854
289
489626271855
895
489626271856
29
489626271857
24
489626271858
121
489626271859
499
489626271860
1240
489626271861
328
489626271862
479
489626271863
14
489626271865
114
489626271866
335
493921223329
383
493921223332
7
493921223333
2
493921223337
365
493921223338
1
493921223341
7
493921223347
164
493921223350
42
493921223352
1
493921223354
1
493921223356
139
493921223553
1
493921223571
1
493921223577
1
493921223585
12
493921223587
7
493921223595
4
493921223825
101
493921223851
1
493921223855
1
493921223857
39
493921223870
1
493921239072
3578
493921239074
21
493921239081
35
493921239084
165
493921239085
39
493921239086
9
493921239087
23
493921239093
1
493921239094
1
493921239099
5
493921239137
595
493921239138
133
493921239139
301
493921239140
7
493921239141
1001
493921239142
7
493921239143
175
493921239144
61
493921239145
1042
493921239146
25
493921239147
546
493921239148
137
493921239149
231
493921239150
112
493921239151
526
493921239152
185
493921239154
60
493921239155
474
493921239156
1387
493921239157
187
493921239158
68
493921239159
8
493921239161
77
493921239162
4176
498216190625
725
498216190627
1
498216190628
4
498216190633
1158
498216190637
736
498216190643
4
498216190646
16
498216190648
2
498216190650
32
498216190652
50
498216190849
4
498216191106
1
498216191121
90
498216191153
6
498216206368
3692
498216206370
34
498216206376
20
498216206377
37
498216206380
436
498216206381
23
498216206382
45
498216206383
25
498216206386
1
498216206387
1
498216206388
4
498216206389
1
498216206390
1
498216206394
7
498216206395
24
498216206433
2759
498216206434
131
498216206435
5
498216206436
5
498216206437
3541
498216206438
13
498216206439
9
498216206440
207
498216206441
1179
498216206442
221
498216206443
268
498216206444
79
498216206445
36
498216206446
93
498216206447
1304
498216206448
2
498216206450
450
498216206451
361
498216206452
1333
498216206453
568
498216206454
328
498216206455
23
498216206457
76
498216206458
4
502511157920
44
502511157921
984
502511157924
26
502511157925
4
502511157926
1
502511157928
3
502511157929
1646
502511157933
58
502511157939
587
502511157942
190
502511157946
29
502511157948
65
502511158145
17
502511158149
15
502511158163
1
502511158187
1
502511158417
352
502511158425
6
502511158443
17
502511158447
2
502511158449
44
502511160751
1
502511173664
112
502511173666
6
502511173673
9
502511173676
1
502511173677
3
502511173679
1
502511173683
1
502511173729
21
502511173730
77
502511173731
46
502511173732
154
502511173733
105
502511173734
10
502511173735
129
502511173736
16
502511173737
63
502511173738
8
502511173739
124
502511173740
323
502511173741
161
502511173742
632
502511173743
54
502511173744
33
502511173746
687
502511173747
326
502511173748
302
502511173749
21
502511173750
58
502511173751
12
502511173752
40
502511173754
22
506806125215
1
506806125217
93
506806125223
1
506806125225
4
506806125229
1
506806125233
3
506806125453
6
506806125473
1
506806125475
4
506806125698
9
506806125729
28
506806125758
4
506806140960
290
506806140962
2
506806140969
4
506806140972
48
506806140974
94
506806140986
6
506806141025
1012
506806141026
19
506806141028
3
506806141029
1648
506806141033
412
506806141034
8
506806141035
4
506806141036
13
506806141037
6
506806141038
61
506806141039
493
506806141041
2
506806141042
13
506806141043
7
506806141044
6
506806141045
2
506806141046
12
506806141049
41
511101092513
312
511101092516
4
511101092517
11
511101092518
1
511101092521
726
511101092525
29
511101092540
16
511101092541
6
511101092763
10
511101093009
42
511101093025
10
511101095345
4
511101095348
1
511101095349
4
511101095353
2
511101095556
5
511101095561
1
511101108256
26
511101108258
5
511101108265
1
511101108269
5
511101108270
2
511101108271
3
511101108321
42
511101108322
1
511101108325
61
511101108328
3
511101108329
45
511101108331
6
511101108332
1
511101108333
1
511101108334
13
511101108335
10
511101108338
13
511101108339
3
511101108340
1
511101108343
1
511101108345
32
515396060290
2
515396075552
4
515396075564
2
515396075565
1
515396075566
2
515396075567
1
515396075617
47
515396075619
1
515396075621
39
515396075625
25
515396075627
3
515396075632
3
515396075636
9
515396075637
1
519691027113
1
519691042848
1366
519691042850
18
519691042857
17
519691042860
32
519691042861
5
519691042862
1
519691042867
2
519691042875
9
519691042913
703
519691042914
79
519691042915
70
519691042916
39
519691042917
924
519691042918
5
519691042919
30
519691042920
28
519691042921
253
519691042922
5
519691042923
27
519691042924
54
519691042925
55
519691042926
135
519691042927
283
519691042928
18
519691042930
46
519691042931
426
519691042932
109
519691042933
6
519691042934
14
519691042935
1
519691042938
55
523985994401
171
523985994409
136
523985994413
83
523985994419
114
523985994422
2
523985994426
119
523985994428
28
523985994897
4
523985994913
2
523985994929
12
523985994940
7
523986010144
1303
523986010146
2
523986010153
1
523986010156
23
523986010157
17
523986010158
6
523986010159
3
523986010209
1355
523986010210
34
523986010211
4
523986010212
269
523986010213
1715
523986010214
6
523986010215
29
523986010216
69
523986010217
505
523986010218
12
523986010219
80
523986010220
60
523986010221
200
523986010222
214
523986010223
791
523986010224
13
523986010226
3
523986010227
271
523986010228
621
523986010229
22
523986010230
40
523986010231
2
523986010233
12
523986010234
81
528280961697
587
528280961705
1315
528280961709
98
528280961715
218
528280961718
127
528280961722
8
528280961724
202
528280961921
1
528280961925
2
528280962193
304
528280962201
4
532575944736
2652
18438158618768441376
3
18438158623063408672
144
18438158623063408680
1
18438158623063408684
3
18438158623063408689
14
18438158623063408690
3
18438158623063408691
2
18438158623063408747
1
18438158623063408748
3
18446676586888429600
2
18446676586888429667
1
18446676586888429680
1
18446676591183396896
45
18446676595478364192
188
18446676595478364201
8
18446676595478364204
2
18446676595478364257
1
18446676595478364258
587
18446676595478364259
92
18446676595478364260
9
18446676595478364262
1
18446676595478364263
467
18446676595478364264
31
18446676595478364265
11
18446676595478364266
180
18446676595478364267
194
18446676595478364268
1824
18446676595478364269
83
18446676595478364270
858
18446676595478364272
116
18446676595478364274
936
18446676595478364275
1468
18446676595478364276
511
18446676595478364277
9
18446676595478364278
81
18446676595478364282
68
18446676599773315753
9
18446676599773316232
1
18446676599773316249
4
18446676599773316286
2
18446676604068298863
4
18446676608363266093
1
18446676608363266095
1
18446676608363266146
3
18446676608363266148
11
18446676608363266150
2
18446676608363266151
3
18446676608363266153
2
18446676608363266155
31
18446676608363266156
10
18446676608363266157
3
18446676608363266158
19
18446676608363266162
42
18446676608363266163
6
18446676608363266164
25
18446676608363266169
1
18446676612658217631
2
18446676612658217636
13
18446676612658233442
1
18446676612658233444
2
18446676612658233445
4
18446676612658233452
1
18446676612658233458
12
18446676612658233461
1
18446676616953200740
4
18446676616953200743
14
18446676616953200747
1
18446676616953200748
1
18446676616953200749
1
18446676616953200750
1
18446676616953200754
2
18446676616953200755
2
18446676616953200758
1
18446676621248168033
6
18446676625543119523
3
18446676625543135346
16
18446676625543135347
1
18446676629838102560
86
18446676629838102562
1
18446676629838102568
2
18446676629838102569
1
18446676629838102572
4
18446676629838102574
1
18446676629838102625
11
18446676629838102626
342
18446676629838102627
44
18446676629838102628
104
18446676629838102629
2
18446676629838102631
910
18446676629838102632
53
18446676629838102633
1
18446676629838102634
1
18446676629838102635
687
18446676629838102636
494
18446676629838102637
68
18446676629838102638
671
18446676629838102639
3
18446676629838102640
1506
18446676629838102642
904
18446676629838102643
3813
18446676629838102644
651
18446676629838102646
537
18446676629838102650
113
18446676634133054121
10
18446676634133069934
1
18446676634133069940
1
18446676634133069941
1
18446676638428037167
38
18446676647017971744
116
18446676647017971746
7
18446676647017971753
1
18446676647017971756
2
18446676647017971809
44
18446676647017971811
9
18446676647017971812
4
18446676647017971814
1
18446676647017971815
4
18446676647017971816
2
18446676647017971818
2
18446676647017971819
13
18446676647017971820
1
18446676647017971821
193
18446676647017971822
27
18446676647017971824
5
18446676647017971826
202
18446676647017971827
16
18446676647017971828
1586
18446676647017971830
39
18446676647017971834
34
18446676651312939124
1
18446676664197840993
41
18446676672787775520
704
18446676672787775528
2
18446676672787775529
4
18446676672787775532
54
18446676672787775533
5
18446676672787775585
36
18446676672787775586
66
18446676672787775587
5
18446676672787775588
110
18446676672787775589
5
18446676672787775590
1
18446676672787775591
282
18446676672787775592
4
18446676672787775593
63
18446676672787775594
6
18446676672787775595
118
18446676672787775596
227
18446676672787775597
28
18446676672787775598
68
18446676672787775600
35
18446676672787775602
43
18446676672787775603
169
18446676672787775604
39
18446676672787775606
35
18446676672787775607
13
18446676672787775610
26
18446676677082742893
29
18446676677082742898
4
18446676681377710180
1
18446676681377710181
1
18446676681377710188
1
18446676681377710192
6
18446676685672677408
2
18446676685672677423
1
18446676685672677474
28
18446676685672677476
23
18446676685672677478
1
18446676685672677479
23
18446676685672677480
1
18446676685672677483
225
18446676685672677484
79
18446676685672677485
1
18446676685672677486
164
18446676685672677488
1
18446676685672677490
176
18446676685672677491
212
18446676685672677492
213
18446676685672677494
322
18446676685672677498
319
18446676694262612066
1
18446676694262612068
1
18446676694262612071
2
18446676694262612074
4
18446676694262612076
1
18446676694262612078
2
18446676694262612082
6
18446676702852546592
81
18446676702852546601
2
18446676702852546604
9
18446676702852546657
1
18446676702852546658
2
18446676702852546660
9
18446676702852546662
1
18446676702852546663
15
18446676702852546666
130
18446676702852546668
25
18446676702852546670
21
18446676702852546674
27
18446676702852546675
204
18446676702852546676
29
18446676702852546682
6
18446676711442481184
4
18446676711442481250
14
18446676711442481252
3
18446676711442481254
13
18446676711442481255
121
18446676711442481256
1
18446676711442481259
126
18446676711442481260
534
18446676711442481261
2
18446676711442481262
24
18446676711442481266
22
18446676711442481267
2
18446676711442481268
30
18446676711442481270
2
18446676711442481274
15
18446676715737432735
1
18446676715737448480
22
18446676715737448547
10
18446676715737448564
3
18446677557551038496
10
18446677557551038563
7
18446677557551038564
2
18446677557551038570
1
18446677557551038572
3
18446677557551038573
4
18446677557551038574
2
18446677557551038578
19
18446677557551038579
8
18446677557551038580
19
18446677561845990590
1
18446677574730907680
28
18446677574730907692
2
18446677574730907747
4
18446677574730907748
1
18446677574730907760
2
18446677574730907763
1
18446677600500711456
1
18446677600500711525
5
18446677600500711529
11
18446677600500711530
7
18446677604795663243
2
18446677609090646113
2
18446677609090646117
63
18446677609090646121
2
18446677609090646122
1
18446677609090646126
15
18446677613385597613
2
18446677634860449824
1
18446677634860449891
1
18446677634860449892
1
18446677634860449898
1
18446677634860449901
1
18446677634860449906
2
18446677639155401889
2
18446677652040319008
6
18446677652040319082
10
18446677652040319091
8
18446677660630253600
14
18446677660630253667
1
18446677660630253671
6
18446677660630253684
1
18446677669220188194
2
18446677669220188260
7
18446677669220188268
3
18446677669220188270
2
18446677669220188274
3
18446677669220188276
4
18446677673515140249
1
18446677694989991968
1
18446677694989992037
4
18446677694989992041
34
18446677703579926625
2
18446677703579926633
34
18446677703579926645
2
18446677720759795809
3
18446677720759795826
1
18446677725054747559
1
18446677737939664994
13
18446677737939664996
3
18446677737939664999
3
18446677737939665006
6
18446677737939665012
2
18446677789479272553
10
18446677810954109025
2
18446677810954109045
1
18446677819544043552
1
18446677819544043635
2
18446678661357633568
21
18446678661357633633
9
18446678661357633635
1
18446678661357633637
5
18446678661357633647
9
18446678661357633653
5
18446678661357633657
2
18446678665652585139
4
18446678669947568162
1
18446678669947568226
1
18446678669947568227
5
18446678669947568243
11
18446678687127437427
1
18446678725782143008
634
18446678725782143017
4
18446678725782143020
32
18446678725782143021
8
18446678725782143034
52
18446678725782143069
1
18446678725782143073
4
18446678725782143074
21
18446678725782143075
34
18446678725782143076
37
18446678725782143077
57
18446678725782143078
20
18446678725782143079
26
18446678725782143080
5
18446678725782143081
84
18446678725782143082
25
18446678725782143083
89
18446678725782143084
139
18446678725782143085
58
18446678725782143086
11
18446678725782143087
12
18446678725782143088
18
18446678725782143090
44
18446678725782143091
129
18446678725782143092
132
18446678725782143094
23
18446678725782143098
71
18446678730077094561
4
18446678730077094573
165
18446678760141881376
2
18446678760141881378
1
18446678760141881388
2
18446678760141881445
4
18446678760141881454
3
18446678760141881455
3
18446678760141881459
12
18446678764436832941
6
18446678768731816035
1
18446678768731816044
1
18446678768731816050
2
18446678794501619744
1
18446678794501619809
5
18446678794501619811
5
18446678794501619813
24
18446678794501619819
55
18446678794501619822
1
18446678794501619823
2
18446678794501619824
5
18446678794501619828
12
18446678798796571309
2
18446678798796571563
3
18446678798796571809
2
18446678837451292786
16
18446678837451292788
2
18446678841746244769
2
18446678854631161888
1
18446678854631161890
2
18446678854631161965
1
18446678854631161971
10
18446678863221096480
91
18446678863221096492
7
18446678863221096493
6
18446678863221096545
6
18446678863221096549
23
18446678863221096550
3
18446678863221096551
3
18446678863221096552
5
18446678863221096553
1
18446678863221096554
3
18446678863221096555
29
18446678863221096558
17
18446678863221096562
5
18446678863221096563
112
18446678863221096564
6
18446678863221096566
52
18446678863221096570
6
18446678871811031072
6
18446678901875802210
1
18446678901875802217
1
18446678901875802219
1
18446678901875802222
1
18446678901875802233
1
18446678910465736809
1
18446678910465736810
1
18446678910465736814
6
18446678910465736819
6
18446678910465736821
1
18446678910465736825
50
18446678919055671342
1
18446678919055671393
2
18446678919055671397
5
18446678919055671401
7
18446678919055671406
2
18446678919055671407
1
18446678919055671413
1
18446678919055671417
10
18446688737350909984
4
18446688741645864372
2
18446688741645864578
39
18446688741645864579
4
18446688741645864580
9
18446688745940831665
1
18446688745940831674
1
18446688745940831675
2
18446688745940831677
2
18446688745940831872
1
18446688745940831873
4
18446688745940844576
66
18446688745940844589
1
18446688750235798972
11
18446688750235799169
2
18446688750235799170
44
18446688750235799172
1
18446688750235811872
1
18446688750235811951
5
18446688754530766257
73
18446688754530766260
3
18446688754530766266
6
18446688754530766271
20
18446688754530766464
3
18446688754530766468
6
18446688754530766473
3
18446688758825746464
67
18446688758825746477
1
18446688758825746479
1
18446688758825746482
1
18446688758825746550
5
18446688763120700847
7
18446688763120700850
1
18446688763120700851
7
18446688763120700852
3
18446688763120700856
9
18446688763120700857
40
18446688763120700858
15
18446688763120700859
7
18446688763120700860
5
18446688763120700861
17
18446688763120700862
1
18446688763120701056
6
18446688763120701057
20
18446688763120701058
30
18446688763120701059
10
18446688763120701060
69
18446688763120701061
4
18446688763120701062
7
18446688767415668145
3
18446688767415668149
2
18446688767415668153
4
18446688767415668159
7
18446688767415681135
1
18446688767415681142
2
18446688771710635437
1
18446688771710635439
49
18446688771710635441
4
18446688771710635443
12
18446688771710635445
28
18446688771710635447
1
18446688771710635449
23
18446688771710635450
2
18446688771710635453
4
18446688771710635455
3
18446688771710635649
8
18446688771710635653
2
18446688771710648431
6
18446688776005602735
4
18446688776005602737
1
18446688776005602741
13
18446688776005602743
1
18446688776005602745
24
18446688776005602751
13
18446688776005602945
5
18446688776005602953
2
18446688776005615648
3
18446688776005615657
2
18446688776005615662
3
18446688776005615734
2
18446688780300570031
22
18446688780300570034
2
18446688780300570035
9
18446688780300570036
2
18446688780300570037
4
18446688780300570040
5
18446688780300570041
31
18446688780300570042
9
18446688780300570043
43
18446688780300570044
1
18446688780300570045
8
18446688780300570240
14
18446688780300570241
10
18446688780300570243
3
18446688780300570244
3
18446688780300570245
35
18446688780300570246
2
18446688780300570247
11
18446688780300570253
1
18446688784595550240
10
18446688784595550326
2
18446688788890504627
1
18446688788890504635
10
18446688788890504636
4
18446688788890504637
12
18446688788890504833
2
18446688788890504834
14
18446688788890504835
11
18446688788890504836
17
18446688788890504839
3
18446688788890517545
1
18446688788890517615
7
18446688793185471921
2
18446688793185471925
5
18446688793185471927
4
18446688793185471933
5
18446688793185471935
4
18446688793185472129
3
18446688793185472142
3
18446688793185484832
17
18446688793185484846
3
18446688793185484911
13
18446688793185484918
5
18446688797480439212
4
18446688797480439217
43
18446688797480439220
24
18446688797480439221
5
18446688797480439223
7
18446688797480439226
135
18446688797480439228
5
18446688797480439229
7
18446688797480439231
24
18446688797480439424
1
18446688797480439425
17
18446688797480439427
25
18446688797480439428
6
18446688797480439433
1
18446688797480439438
3
18446688797480452207
1
18446688801775406508
4
18446688801775406510
93
18446688801775406513
22
18446688801775406516
1
18446688801775406517
6
18446688801775406519
8
18446688801775406527
14
18446688801775406720
4
18446688801775406721
4
18446688801775406724
12
18446688801775406732
30
18446688801775406733
39
18446688801775406734
7
18446688801775419503
28
18446688806070373804
40
18446688806070373806
7
18446688806070373807
1
18446688806070373809
4
18446688806070373813
14
18446688806070373815
2
18446688806070373817
7
18446688806070373819
42
18446688806070373820
3
18446688806070373823
35
18446688806070374021
2
18446688806070374022
2
18446688806070374025
4
18446688806070374030
2
18446688806070386799
2
18446688810365341100
5
18446688810365341101
3
18446688810365341102
6
18446688810365341103
4
18446688810365341105
46
18446688810365341106
7
18446688810365341109
5
18446688810365341111
4
18446688810365341113
6
18446688810365341116
3
18446688810365341119
5
18446688810365341312
1
18446688810365341317
1
18446688810365341321
2
18446688810365341326
2
18446688810365354016
37
18446688810365354030
1
18446688810365354031
1
18446688810365354095
6
18446688814660308399
3
18446688814660308401
10
18446688814660308404
1
18446688814660308405
13
18446688814660308407
1
18446688814660308409
24
18446688814660308415
34
18446688814660308612
12
18446688814660308617
9
18446688814660308622
5
18446688818955275705
1
18446688818955288608
34
18446688818955288621
2
18446688823250242991
2
18446688823250242993
1
18446688823250242994
1
18446688823250242995
32
18446688823250242996
16
18446688823250243000
1
18446688823250243001
18
18446688823250243002
5
18446688823250243003
40
18446688823250243004
5
18446688823250243005
19
18446688823250243200
10
18446688823250243201
6
18446688823250243202
55
18446688823250243203
16
18446688823250243204
4
18446688823250243205
36
18446688823250243206
2
18446688823250243207
2
18446688823250243208
1
18446688823250243213
16
18446689647883976745
1
18446689647883976815
1
18446689647883976822
1
18446689652178931121
26
18446689652178931125
5
18446689652178931128
1
18446689652178931129
19
18446689652178931131
6
18446689652178931133
1
18446689652178931135
24
18446689652178931329
49
18446689652178931332
15
18446689652178931333
2
18446689652178931340
1
18446689652178944111
14
18446689656473898413
1
18446689656473898417
17
18446689656473898419
30
18446689656473898420
2
18446689656473898421
4
18446689656473898423
6
18446689656473898424
4
18446689656473898425
51
18446689656473898428
5
18446689656473898431
67
18446689656473898629
4
18446689656473898631
12
18446689656473898633
2
18446689656473898636
9
18446689656473898637
2
18446689656473898638
3
18446689656473911328
185
18446689656473911330
2
18446689656473911340
2
18446689665063833006
1
18446689665063833007
2
18446689665063833009
3
18446689665063833015
23
18446689665063833016
2
18446689665063833017
7
18446689665063833018
6
18446689665063833023
4
18446689665063833219
3
18446689665063833220
33
18446689665063833221
7
18446689665063833223
9
18446689665063833225
1
18446689665063833228
1
18446689665063845934
3
18446689665063845999
8
18446689669358800300
2
18446689669358800301
6
18446689669358800302
10
18446689669358800303
7
18446689669358800305
14
18446689669358800309
21
18446689669358800311
26
18446689669358800313
51
18446689669358800315
5
18446689669358800316
6
18446689669358800319
35
18446689669358800513
53
18446689669358800515
1
18446689669358800517
13
18446689669358800521
6
18446689669358800524
3
18446689669358813216
16
18446689669358813228
1
18446689669358813302
1
18446689673653767603
10
18446689673653767612
18
18446689673653767613
2
18446689673653767808
9
18446689673653767809
35
18446689673653767811
2
18446689673653767812
28
18446689673653767815
19
18446689677948734894
5
18446689677948734897
3
18446689677948734904
2
18446689677948735105
4
18446689677948735109
4
18446689677948735118
2
18446689677948747887
2
18446689682243702191
15
18446689682243702193
3
18446689682243702197
17
18446689682243702201
16
18446689682243702205
10
18446689682243702207
10
18446689682243702414
1
18446689686538669701
6
18446689686538682486
1
18446689690833636796
5
18446689690833636797
17
18446689690833636992
1
18446689690833636995
3
18446689690833636996
6
18446689699423584288
19
18446689703718538674
1
18446689703718538675
1
18446689703718538684
3
18446689703718538685
9
18446689703718538882
4
18446689703718538884
7
18446689703718551584
6
18446689708013505979
7
18446689708013505980
2
18446689708013506176
39
18446689708013506177
1
18446689708013506180
1
18446689708013506183
2
18446689708013518966
1
18446689712308473268
1
18446689712308473271
2
18446689712308473277
17
18446689712308473279
1
18446689712308473473
6
