2234
137438953506
151
137438953511
1
137438953512
587
137438953515
1
137438953517
56
137438953519
1
137438953520
1
137438953521
780
137438953522
446
137438953523
195
137438953524
141
137438953525
223
137438953526
65
137438953527
52
137438953528
68
137438953529
16
137438953530
1
137438953563
72
137438953569
4023
137438953570
460
137438953571
3398
137438953572
7194
137438953573
2197
137438953574
1356
137438953575
764
137438953576
240
137438953577
2395
137438953578
44
137438953579
279
137438953580
1638
137438953581
1825
137438953582
1034
137438953583
1305
137438953584
3242
137438953585
467
137438953586
1356
137438953587
3057
137438953588
1495
137438953589
1370
137438953590
563
137438953591
76
137438953592
1
137438953593
52
137438953594
97
137438953596
2652
141731921812
37
141733905057
7
141733905060
8
141733905061
2
141733905064
120
141733905065
14
141733905077
6
141733905078
4
141733905080
2
141733905082
1
141733905084
19
141733905281
6
141733905291
5
141733905293
5
141733905313
3
141733905315
2
141733905335
6
141733905538
3
141733905561
2
141733905563
3
141733905569
37
141733905598
2
141733907884
3
141733907886
3
141733907889
41
141733907890
3
141733907891
11
141733907892
7
141733907893
38
141733907895
1
141733907896
9
141733907897
18
141733907898
22
141733907899
1
141733907900
17
141733907901
25
141733907903
23
141733908096
49
141733908097
3
141733908099
23
141733908100
28
141733908101
13
141733908102
7
141733908103
13
141733908104
4
141733908105
2
146028888096
104
146028888104
1
146028888105
176
146028888108
14
146028888110
3
146028888111
6
146028888122
9
146028888157
15
146028888161
32
146028888162
26
146028888163
7
146028888164
34
146028888165
16
146028888166
20
146028888167
6
146028888168
4
146028888169
10
146028888171
20
146028888172
16
146028888173
73
146028888174
15
146028888175
15
146028888176
24
146028888177
1
146028888178
4
146028888179
34
146028888180
10
146028888181
11
146028888182
17
146028888183
3
146028888186
5
150321856404
2
150323839657
1
150323839674
1
150323839676
1
150323839885
2
150323842495
1
150323842692
1
163208757363
2
167503724576
23
167503724578
2
167503724593
1
167503724600
1
167503724641
680
167503724645
211
167503724648
3
167503724649
185
167503724655
67
167503724659
1
167503724661
69
171798676137
6
171798678961
1
171798691872
2
171798691874
225
171798691885
4
171798691889
14
171798691890
11
171798691891
11
171798691892
6
171798691893
2
171798691894
1
171798691895
1
171798691896
1
171798691897
1
171798691937
74
171798691938
18
171798691939
23
171798691940
53
171798691941
35
171798691942
19
171798691943
14
171798691944
5
171798691945
39
171798691946
1
171798691947
1
171798691948
9
171798691949
16
171798691950
8
171798691951
5
171798691952
21
171798691953
3
171798691954
12
171798691955
18
171798691956
22
171798691957
6
171798691958
5
171798691959
1
171798691961
2
171798691962
1
176093643432
10
176093643433
1
176093643452
1
176093646257
1
176093646261
1
176093646266
1
176093646468
4
176093659168
553
176093659170
22
176093659176
1
176093659177
2
176093659180
93
176093659182
9
176093659183
10
176093659186
1
176093659194
4
176093659195
14
176093659229
3
176093659233
4
176093659234
2
176093659235
3
176093659236
34
176093659240
1
176093659241
1
176093659244
2
176093659252
5
176093659253
7
176093659254
2
184683593760
1
188978561056
2237
188978561058
3
188978561074
1
188978561075
1
188978561077
1
188978561121
4
188978561123
1
188978561124
6
188978561127
1
188978561132
1
188978561136
1
188978561139
1
188978561140
1
193273515651
1
193273528352
481
193273528364
8
193273528365
336
193273528369
11
193273528370
1
193273528371
1
193273528372
1
193273528417
15
193273528418
3
193273528419
7
193273528420
8
193273528421
9
193273528422
21
193273528423
6
193273528424
3
193273528425
20
193273528426
4
193273528427
6
193273528428
13
193273528429
2
193273528430
4
193273528431
7
193273528432
5
193273528433
2
193273528434
10
193273528435
13
193273528436
12
193273528437
4
193273528438
7
193273528439
1
197568479905
1
197568479913
1
197568480161
1
197568480167
1
197568482739
2
197568482944
1
197568495648
537
197568495650
8
197568495657
39
197568495660
1
197568495661
3
197568495665
105
197568495666
120
197568495667
54
197568495668
26
197568495669
19
197568495670
19
197568495671
18
197568495672
3
197568495673
2
197568495674
2
197568495676
1
197568495709
1
197568495713
33
197568495714
7
197568495715
11
197568495716
37
197568495717
17
197568495718
4
197568495719
1
197568495720
7
197568495721
12
197568495723
8
197568495724
1
197568495725
11
197568495726
2
197568495727
2
197568495728
1
197568495730
6
197568495731
9
197568495732
13
197568495733
24
197568495734
14
197568495738
3
201863447201
1
201863447222
1
201863450037
3
201863450041
3
201863450042
2
201863450044
1
201863450045
2
201863450240
10
201863450244
2
201863450245
4
201863462944
26
201863462946
2
201863462961
56
201863462962
25
201863462963
23
201863462964
26
201863462965
7
201863462966
5
201863462967
1
201863462969
3
201863463009
28
201863463010
79
201863463011
87
201863463012
23
201863463013
5
201863463014
40
201863463015
6
201863463016
26
201863463017
8
201863463019
13
201863463020
13
201863463021
7
201863463022
4
201863463023
16
201863463024
25
201863463026
5
201863463027
9
201863463028
6
201863463029
5
201863463030
6
201863463033
2
201863463034
2
206158414518
2
206158417338
1
206158417340
1
206158430240
125
206158430249
10
206158430252
23
206158430253
2
206158430254
6
206158430255
13
206158430256
233
206158430257
18
206158430258
17
206158430259
18
206158430260
123
206158430261
11
206158430262
14
206158430263
17
206158430264
3
206158430265
2
206158430267
1
206158430301
6
206158430305
1
206158430306
1
210453397536
129
210453397545
15
210453397548
65
210453397549
4
210453397550
200
210453397551
12
210453397552
36
210453397553
36
210453397554
39
210453397555
26
210453397556
19
210453397557
18
210453397558
16
210453397559
17
210453397560
20
210453397561
430
210453397597
15
210453397615
168
214748364832
95
214748364841
10
214748364844
93
214748364845
3
214748364846
161
214748364847
20
214748364848
261
214748364849
30
214748364850
14
214748364851
47
214748364852
35
214748364853
23
214748364854
7
214748364855
14
214748364856
34
214748364857
16
214748364858
1
214748364859
1
214748364893
11
219043332128
116
219043332137
6
219043332140
44
219043332141
1
219043332142
115
219043332143
12
219043332144
18
219043332145
51
219043332146
10
219043332147
19
219043332148
24
219043332149
18
219043332150
40
219043332151
20
219043332152
24
219043332153
17
219043332154
2
219043332189
10
223338299424
252
223338299426
1
223338299433
9
223338299436
43
223338299438
65
223338299439
18
223338299440
23
223338299441
9
223338299442
9
223338299443
13
223338299444
14
223338299445
18
223338299446
18
223338299447
9
223338299448
13
223338299449
5
223338299450
3
223338299485
10
227633266720
80
227633266729
9
227633266732
35
227633266734
204
227633266735
21
227633266736
12
227633266737
16
227633266738
11
227633266739
9
227633266740
8
227633266741
12
227633266742
11
227633266743
3
227633266744
23
227633266745
8
227633266746
1
227633266781
10
231928234016
75
231928234025
9
231928234028
24
231928234030
45
231928234031
22
231928234032
9
231928234033
10
231928234034
5
231928234035
3
231928234036
16
231928234037
3
231928234038
4
231928234039
3
231928234040
25
231928234041
13
231928234042
1
231928234043
1
231928234077
8
236223201312
49
236223201321
6
236223201324
27
236223201325
1
236223201326
31
236223201327
30
236223201328
10
236223201329
19
236223201330
4
236223201331
5
236223201332
1
236223201333
15
236223201334
27
236223201335
21
236223201336
19
236223201337
10
236223201373
6
240518168608
102
240518168617
5
240518168620
39
240518168622
12
240518168623
53
240518168624
36
240518168625
12
240518168626
14
240518168627
17
240518168628
14
240518168629
32
240518168630
15
240518168631
26
240518168632
30
240518168633
21
240518168669
6
244813135904
75
244813135906
1
244813135913
6
244813135916
8
244813135917
3
244813135918
5
244813135919
28
244813135920
8
244813135921
14
244813135922
16
244813135923
10
244813135924
59
244813135925
42
244813135926
25
244813135927
76
244813135928
162
244813135929
172
244813135965
6
249108103200
156
249108103202
1
249108103268
1
249108103273
1
253403070496
83
253403070563
1
253403070564
6
253403070581
18
261993005088
2
390842023970
21
390842023976
2
390842023985
44
390842023986
20
390842023987
4
390842023988
4
390842023989
4
390842023990
4
390842023991
4
390842023992
4
390842023993
4
390842024033
3
390842024037
1
399431958560
71
399431958569
1
399431958572
14
399431958574
1
399431958645
1
412316860448
6
416611827744
6492
416611827746
65
416611827751
16
416611827753
96
416611827756
362
416611827757
9
416611827758
28
416611827759
45
416611827762
5
416611827770
6
416611827771
28
416611827808
6
416611827809
70
416611827810
333
416611827811
641
416611827812
495
416611827813
98
416611827814
164
416611827815
624
416611827816
12
416611827817
324
416611827818
8
416611827819
127
416611827820
3899
416611827821
734
416611827822
2111
416611827823
2
416611827824
274
416611827825
2
416611827826
2615
416611827827
1000
416611827828
3644
416611827829
398
416611827830
306
416611827831
14
416611827832
24
416611827834
1398
420906779303
2
420906779309
1
420906779310
1
420906779313
38
420906779322
9
420906779531
3
420906779533
4
420906779559
2
420906779580
2
420906779778
26
420906779780
5
420906779801
13
420906779803
2
420906779809
3
420906779834
1
420906779838
10
420906795040
7
420906795042
1
420906795049
58
420906795052
3
420906795053
1
420906795054
12
420906795105
234
420906795106
184
420906795107
4
420906795108
6
420906795109
383
420906795111
6
420906795113
412
420906795115
3
420906795116
145
420906795118
24
420906795119
185
420906795122
607
420906795123
32
420906795125
67
420906795126
6
420906795129
19
420906795130
2
425201746593
2
425201746601
9
425201746605
1
425201746616
2
425201746620
2
425201746817
6
425201746835
2
425201747089
1
425201762336
34
425201762345
43
425201762349
1
425201762350
19
425201762351
1
425201762358
1
425201762362
1
425201762401
1381
425201762403
331
425201762404
1
425201762405
910
425201762408
2149
425201762409
2140
425201762410
15
425201762411
54
425201762412
258
425201762413
6
425201762414
199
425201762415
2923
425201762417
85
425201762418
84
425201762419
16
425201762420
198
425201762421
642
425201762422
1
425201762423
3
425201762425
14
425201762426
39
429496713897
2
429496713898
1
429496713901
17
429496714155
10
429496714370
2
429496729632
543
429496729634
10
429496729639
161
429496729641
29
429496729644
7
429496729645
8
429496729646
11
429496729647
2
429496729659
3
429496729697
1181
429496729698
9
429496729699
1
429496729700
74
429496729701
3161
429496729703
2
429496729704
29
429496729705
5057
429496729706
9
429496729707
4
429496729708
14
429496729709
4
429496729710
21
429496729711
617
429496729712
7
429496729714
94
429496729715
45
429496729716
6
429496729717
399
429496729718
5
429496729719
13
429496729721
46
429496729722
47
433791681184
8
433791681185
1
433791681188
1
433791681193
5
433791681196
1
433791681197
2
433791681203
4
433791681212
3
433791681421
7
433791681427
2
433791681435
4
433791681451
1
433791681681
1
433791681711
10
433791681722
2
433791696928
9378
433791696930
52
433791696936
17
433791696937
91
433791696940
482
433791696941
28
433791696942
45
433791696943
92
433791696946
5
433791696947
2
433791696948
1
433791696949
1
433791696950
1
433791696954
59
433791696955
15
433791696993
113
433791696994
97
433791696995
1107
433791696996
1046
433791696997
204
433791696998
131
433791696999
970
433791697000
33
433791697001
547
433791697002
21
433791697003
234
433791697004
2450
433791697005
900
433791697006
3800
433791697007
110
433791697008
143
433791697009
87
433791697010
4066
433791697011
2838
433791697012
1556
433791697013
262
433791697014
264
433791697015
23
433791697016
98
433791697017
13
433791697018
129
438086648481
3
438086648484
2
438086648485
2
438086648493
1
438086648715
6
438086648717
5
438086648737
1
438086648766
9
438086648993
1
438086649020
2
438086651314
1
438086651323
2
438086664224
132
438086664226
1
438086664233
12
438086664289
380
438086664290
1
438086664293
912
438086664294
196
438086664295
8
438086664296
1
438086664297
844
438086664298
1
438086664300
29
438086664301
1
438086664303
1008
438086664306
102
438086664307
14
438086664308
50
438086664309
56
438086664313
14
442381615780
5
442381615789
2
442381615798
8
442381615800
5
442381615802
2
442381615804
18
442381616273
2
442381631520
164
442381631522
4
442381631529
10
442381631532
5
442381631533
2
442381631534
59
442381631535
2
442381631585
394
442381631586
1
442381631588
82
442381631589
866
442381631590
7
442381631591
213
442381631592
26
442381631593
1414
442381631595
13
442381631596
344
442381631598
331
442381631599
256
442381631600
1
442381631602
285
442381631603
60
442381631604
12
442381631605
275
442381631607
2
442381631609
141
442381631610
7
446676583073
1
446676583076
3
446676583081
18
446676583085
37
446676583091
3
446676583094
2
446676583100
4
446676583335
1
446676583554
1
446676583585
1
446676583595
2
446676598816
109
446676598818
1
446676598825
8
446676598829
5
446676598830
14
446676598843
4
446676598881
252
446676598882
17
446676598884
1
446676598885
955
446676598886
1
446676598888
9
446676598889
913
446676598890
2
446676598891
2
446676598892
47
446676598893
2
446676598894
91
446676598895
163
446676598898
25
446676598899
23
446676598900
34
446676598901
68
446676598903
11
446676598905
15
446676598906
2
450971550369
2
450971550372
10
450971550373
1
450971550374
1
450971550377
64
450971550390
18
450971550392
3
450971550396
1
450971550397
2
450971550593
2
450971566112
7946
450971566114
11
450971566121
73
450971566124
331
450971566125
5
450971566126
41
450971566127
49
450971566138
6
450971566139
13
450971566177
2057
450971566178
87
450971566179
3074
450971566180
221
450971566181
1308
450971566182
553
450971566183
369
450971566184
8
450971566185
120
450971566186
320
450971566187
207
450971566188
1162
450971566189
709
450971566190
3326
450971566191
3801
450971566192
434
450971566193
82
450971566194
763
450971566195
1874
450971566196
2921
450971566197
179
450971566198
1247
450971566199
12
450971566200
1
450971566202
683
455266517664
3
455266517665
14
455266517668
1
455266517672
3
455266517673
4
455266517674
1
455266517675
38
455266517677
1
455266517682
7
455266517683
15
455266517689
38
455266517692
1
455266517899
10
455266517901
9
455266517913
1
455266517943
3
455266518148
2
455266518177
5
455266518195
3
455266518204
1
455266520497
10
455266533408
15
455266533417
4
455266533422
1
455266533473
310
455266533476
1
455266533477
37
455266533478
1
455266533481
18
455266533483
8
455266533486
35
455266533487
50
455266533491
17
455266533493
55
455266533494
6
455266533498
2
459561484964
3
459561484966
1
459561484982
1
459561484986
1
459561485185
2
459561485189
18
459561500704
96
459561500706
23
459561500713
8
459561500716
4
459561500717
2
459561500718
1
459561500719
3
459561500730
1
459561500769
343
459561500771
3
459561500772
18
459561500773
127
459561500775
1
459561500776
4
459561500777
179
459561500778
1
459561500779
11
459561500780
82
459561500781
2
459561500782
6
459561500783
283
459561500786
56
459561500787
46
459561500788
220
459561500789
147
459561500790
21
459561500791
7
459561500793
1
463856452257
122
463856452260
14
463856452265
17
463856452278
6
463856452280
2
463856452284
4
463856452285
13
463856452481
23
463856452485
2
463856452493
1
463856452540
2
463856452769
9
463856452787
3
463856455300
1
463856468000
1619
463856468002
2
463856468007
979
463856468008
3
463856468009
4
463856468012
3
463856468013
23
463856468014
8
463856468015
1
463856468018
2
463856468019
1
463856468065
2372
463856468066
7
463856468067
22
463856468068
36
463856468069
2622
463856468070
6
463856468071
144
463856468072
1
463856468073
2401
463856468074
20
463856468075
33
463856468076
2439
463856468077
292
463856468078
24
463856468079
2112
463856468080
3
463856468081
1
463856468082
1
463856468083
143
463856468084
410
463856468085
229
463856468086
30
463856468087
3
463856468089
8
463856468090
9
468151419553
15
468151419556
38
468151419558
14
468151419560
1
468151419561
23
468151419565
7
468151419571
54
468151419572
30
468151419573
2
468151419574
3
468151419580
1
468151419777
2
468151419781
1
468151419795
1
468151419801
5
468151419819
5
468151420049
1
468151420079
1
468151435296
210
468151435298
2
468151435302
2
468151435305
3
468151435308
2
468151435309
10
468151435310
2
468151435311
1
468151435322
1
468151435323
1
468151435361
2146
468151435362
567
468151435364
8
468151435365
2427
468151435366
3
468151435367
6
468151435368
1
468151435369
933
468151435371
2
468151435372
2
468151435373
289
468151435374
19
468151435375
355
468151435376
693
468151435378
4
468151435379
29
468151435380
8
468151435381
109
468151435382
4
468151435383
2
468151435385
3
472446386849
5
472446386852
10
472446386857
48
472446386861
1
472446386867
1
472446386870
3
472446386876
1
472446387073
8
472446387095
10
472446387099
6
472446387115
1
472446387330
1
472446387345
1
472446387377
1
472446402592
1979
472446402594
19
472446402599
83
472446402600
1
472446402601
27
472446402604
15
472446402605
18
472446402606
16
472446402607
9
472446402611
1
472446402613
1
472446402614
2
472446402618
1
472446402619
1
472446402657
1905
472446402658
4
472446402659
395
472446402660
1074
472446402661
3196
472446402662
266
472446402663
380
472446402664
30
472446402665
2472
472446402666
1
472446402667
63
472446402668
47
472446402669
56
472446402670
653
472446402671
1692
472446402672
19
472446402673
52
472446402674
9
472446402675
637
472446402676
2469
472446402677
151
472446402678
23
472446402679
3
472446402681
38
472446402682
477
476741354145
43
476741354148
14
476741354150
5
476741354151
6
476741354153
44
476741354157
132
476741354163
5
476741354166
2
476741354170
1
476741354173
14
476741354369
3
476741354381
9
476741354391
12
476741354393
15
476741354395
2
476741354411
2
476741354641
3
476741354684
51
476741369888
6576
476741369890
19
476741369896
7
476741369897
22
476741369900
333
476741369901
57
476741369902
29
476741369903
29
476741369914
51
476741369915
5
476741369953
9
476741369954
136
476741369955
355
476741369956
352
476741369957
55
476741369958
756
476741369959
824
476741369960
8
476741369961
48
476741369962
53
476741369963
121
476741369964
2105
476741369965
1417
476741369966
4613
476741369967
91
476741369968
347
476741369969
1
476741369970
2578
476741369971
940
476741369972
348
476741369973
114
476741369974
396
476741369975
33
476741369976
2
476741369977
20
476741369978
46
481036321455
1
481036321677
1
481036321697
21
481036321699
25
481036321719
1
481036321922
9
481036321924
8
481036321945
2
481036321953
16
481036321980
6
481036321982
1
481036324271
3
481036324274
1
481036324275
25
481036324276
6
481036324280
1
481036324282
2
481036324283
28
481036324284
7
481036324480
3
481036324481
1
481036324482
3
481036324485
8
481036324487
3
481036324488
1
481036337184
11
481036337198
1
481036337199
5
481036337249
756
481036337253
1464
481036337254
23
481036337256
32
481036337257
401
481036337260
645
481036337262
10
481036337263
886
481036337264
243
481036337266
1691
481036337267
86
481036337268
13
481036337269
310
485331288740
13
485331288742
4
485331288745
36
485331288749
2
485331288755
1
485331288756
4
485331288757
1
485331288762
2
485331288961
1
485331288979
2
485331289218
1
485331289241
1
485331289249
1
485331304480
1
485331304489
2
485331304545
1
485331304565
814
485331304567
1
489626271776
843
489626271778
56
489626271784
19
489626271785
16
489626271788
15
489626271789
17
489626271790
19
489626271791
25
489626271794
1
489626271841
2098
489626271842
44
489626271843
731
489626271844
245
489626271845
3022
489626271846
12
489626271847
385
489626271848
33
489626271849
3331
489626271850
10
489626271851
105
489626271852
86
489626271853
1231
489626271854
139
489626271855
2047
489626271856
36
489626271857
24
489626271858
197
489626271859
620
489626271860
1050
489626271861
447
489626271862
165
489626271863
13
489626271865
115
489626271866
109
493921223328
10
493921223329
12
493921223332
8
493921223333
2
493921223337
15
493921223338
1
493921223341
5
493921223347
3
493921223350
4
493921223352
1
493921223354
1
493921223356
17
493921223553
1
493921223571
1
493921223577
1
493921223585
12
493921223587
7
493921223595
4
493921223851
1
493921223855
1
493921223870
1
493921239072
511
493921239074
26
493921239079
1
493921239081
17
493921239084
29
493921239085
23
493921239086
3
493921239087
13
493921239093
1
493921239094
1
493921239099
3
493921239137
614
493921239138
33
493921239139
1078
493921239140
8
493921239141
1651
493921239142
53
493921239143
9
493921239144
38
493921239145
2238
493921239146
23
493921239147
334
493921239148
207
493921239149
48
493921239150
8
493921239151
852
493921239152
798
493921239154
7
493921239155
1623
493921239156
2915
493921239157
563
493921239158
78
493921239159
8
493921239161
77
493921239162
115
498216190625
1
498216190627
1
498216190628
4
498216190633
6
498216190636
11
498216190637
2
498216190648
2
498216190652
3
498216190849
4
498216191106
1
498216206368
312
498216206370
33
498216206375
9
498216206376
19
498216206377
29
498216206380
14
498216206381
21
498216206382
11
498216206383
23
498216206386
1
498216206387
1
498216206388
4
498216206389
1
498216206390
1
498216206394
1
498216206395
10
498216206433
2993
498216206434
8
498216206435
4
498216206436
5
498216206437
3760
498216206438
4
498216206439
5
498216206440
150
498216206441
3862
498216206442
1
498216206443
24
498216206444
31
498216206445
5
498216206446
45
498216206447
3470
498216206448
1
498216206450
1276
498216206451
197
498216206452
1740
498216206453
999
498216206454
92
498216206455
23
498216206457
77
498216206458
4
502511157920
667
502511157921
14
502511157924
27
502511157925
4
502511157926
1
502511157928
3
502511157929
76
502511157933
13
502511157939
4
502511157942
1
502511157944
1
502511157945
6
502511157946
12
502511157947
2
502511157948
4
502511158145
17
502511158149
15
502511158163
1
502511158187
1
502511158425
6
502511158443
15
502511158447
2
502511160751
1
502511173664
165
502511173666
4
502511173673
13
502511173676
2
502511173677
2
502511173678
1
502511173679
1
502511173683
1
502511173729
530
502511173730
164
502511173731
77
502511173732
268
502511173733
429
502511173734
86
502511173735
103
502511173736
8
502511173737
675
502511173738
8
502511173739
73
502511173740
307
502511173741
144
502511173742
1791
502511173743
213
502511173744
145
502511173746
1278
502511173747
216
502511173748
821
502511173749
21
502511173750
41
502511173751
12
502511173752
37
502511173754
165
506806125215
1
506806125223
1
506806125225
4
506806125229
1
506806125233
3
506806125234
43
506806125453
6
506806125473
1
506806125475
4
506806125698
9
506806125729
28
506806125758
4
506806140960
45
506806140962
2
506806140969
5
506806140972
64
506806140974
13
506806140986
1
506806141025
724
506806141026
11
506806141028
3
506806141029
1105
506806141033
819
506806141034
4
506806141035
1
506806141036
13
506806141037
6
506806141038
32
506806141039
269
506806141041
2
506806141042
46
506806141043
7
506806141044
4
506806141045
21
506806141046
36
506806141049
41
511101092513
12
511101092516
4
511101092517
11
511101092518
1
511101092521
14
511101092525
16
511101092541
6
511101092763
10
511101093025
10
511101095345
4
511101095348
1
511101095349
4
511101095353
2
511101095556
5
511101095561
1
511101108256
27
511101108258
11
511101108268
1
511101108269
1
511101108270
3
511101108271
3
511101108321
44
511101108325
61
511101108328
3
511101108329
42
511101108331
6
511101108332
2
511101108333
1
511101108334
13
511101108335
10
511101108338
11
511101108339
3
511101108340
1
511101108343
1
511101108345
33
515396060290
3
515396075552
48
515396075561
2
515396075564
1
515396075565
1
515396075567
1
515396075617
47
515396075619
1
515396075621
36
515396075625
20
515396075627
3
515396075632
3
519691027113
1
519691042848
197
519691042850
16
519691042857
13
519691042860
17
519691042867
2
519691042875
9
519691042913
59
519691042914
2
519691042915
69
519691042916
39
519691042917
10
519691042919
29
519691042920
2
519691042921
7
519691042922
2
519691042923
14
519691042924
26
519691042925
17
519691042926
85
519691042927
3
519691042928
16
519691042930
23
519691042931
73
519691042932
42
519691042934
1
519691042935
1
519691042938
3
523985994401
6
523985994413
6
523985994419
7
523985994422
2
523985994913
2
523985994940
9
523986010144
30
523986010146
1
523986010153
1
523986010156
2
523986010209
515
523986010210
3
523986010211
2
523986010212
23
523986010213
196
523986010215
1
523986010216
1
523986010217
2265
523986010218
8
523986010219
25
523986010221
2
523986010222
42
523986010223
97
523986010224
6
523986010227
10
523986010228
37
523986010229
12
523986010231
2
523986010233
13
523986010234
256
528280961697
49
528280961709
2
528280961724
3
528280961921
1
528280961925
3
528280962193
2
528280962201
4
532575944736
2652
18438158623063408672
36
18438158623063408740
2
18438158623063408747
1
18438158623063408748
3
18446676586888429600
2
18446676586888429667
1
18446676586888429680
1
18446676591183396896
633
18446676591183396905
3
18446676591183396908
21
18446676591183396910
7
18446676591183396922
7
18446676595478364192
143
18446676595478364194
1
18446676595478364201
7
18446676595478364259
9
18446676595478364260
4
18446676595478364263
39
18446676595478364266
2
18446676595478364267
1
18446676595478364268
15
18446676595478364269
2
18446676595478364270
14
18446676595478364272
8
18446676595478364274
24
18446676595478364275
11
18446676595478364276
18
18446676595478364278
4
18446676595478364282
2
18446676599773316232
1
18446676599773316249
4
18446676599773316286
2
18446676604068298863
4
18446676608363266093
1
18446676608363266095
1
18446676608363266146
3
18446676608363266148
11
18446676608363266150
1
18446676608363266151
3
18446676608363266153
2
18446676608363266155
31
18446676608363266156
10
18446676608363266157
3
18446676608363266158
22
18446676608363266162
42
18446676608363266163
6
18446676608363266164
26
18446676608363266169
1
18446676612658217631
2
18446676612658217636
13
18446676612658233442
1
18446676612658233444
2
18446676612658233445
4
18446676612658233452
1
18446676612658233458
13
18446676612658233461
1
18446676616953200740
4
18446676616953200743
14
18446676616953200747
1
18446676616953200748
1
18446676616953200749
1
18446676616953200750
1
18446676616953200754
2
18446676616953200755
2
18446676616953200758
1
18446676621248168033
6
18446676625543119523
3
18446676625543135264
124
18446676625543135276
1
18446676625543135346
16
18446676625543135347
1
18446676629838102560
105
18446676629838102562
1
18446676629838102568
2
18446676629838102572
2
18446676629838102625
9
18446676629838102627
39
18446676629838102628
60
18446676629838102629
2
18446676629838102631
7
18446676629838102632
10
18446676629838102635
17
18446676629838102636
8
18446676629838102637
8
18446676629838102638
14
18446676629838102639
3
18446676629838102640
6
18446676629838102642
35
18446676629838102643
50
18446676629838102644
29
18446676629838102646
1
18446676629838102650
1
18446676634133054121
2
18446676634133069934
1
18446676634133069940
1
18446676634133069941
1
18446676638428037167
38
18446676642723004448
12
18446676647017971744
116
18446676647017971746
7
18446676647017971753
1
18446676647017971756
2
18446676647017971809
44
18446676647017971811
7
18446676647017971812
2
18446676647017971814
1
18446676647017971816
2
18446676647017971819
13
18446676647017971820
1
18446676647017971821
12
18446676647017971822
20
18446676647017971826
1
18446676647017971827
4
18446676647017971828
20
18446676647017971830
2
18446676647017971834
4
18446676651312939124
1
18446676655607906413
1
18446676664197840993
41
18446676668492808224
48
18446676668492808236
2
18446676672787775520
4
18446676672787775588
3
18446676672787775591
56
18446676672787775596
2
18446676672787775597
1
18446676672787775598
11
18446676672787775600
2
18446676672787775602
3
18446676672787775603
3
18446676672787775607
13
18446676672787775610
3
18446676677082742893
30
18446676677082742898
4
18446676681377710180
1
18446676681377710181
1
18446676681377710188
1
18446676681377710192
6
18446676685672677408
2
18446676685672677423
1
18446676685672677478
1
18446676685672677479
14
18446676685672677480
2
18446676685672677483
1
18446676685672677485
1
18446676685672677486
4
18446676685672677488
1
18446676685672677490
17
18446676685672677491
40
18446676685672677492
7
18446676685672677494
3
18446676694262612066
1
18446676694262612068
1
18446676694262612071
2
18446676694262612074
4
18446676694262612076
1
18446676694262612078
2
18446676694262612082
7
18446676698557579296
44
18446676702852546658
2
18446676702852546660
9
18446676702852546674
14
18446676702852546675
1
18446676702852546676
1
18446676702852546682
3
18446676707147513970
2
18446676711442481250
14
18446676711442481252
1
18446676711442481254
16
18446676711442481255
7
18446676711442481256
1
18446676711442481260
15
18446676711442481262
7
18446676711442481266
18
18446676711442481267
2
18446676711442481274
1
18446676715737432735
1
18446676715737448480
22
18446676715737448547
10
18446676715737448564
3
18446677557551038496
10
18446677557551038563
7
18446677557551038564
2
18446677557551038570
1
18446677557551038572
3
18446677557551038573
4
18446677557551038574
2
18446677557551038578
19
18446677557551038579
8
18446677557551038580
19
18446677561845990590
1
18446677574730907680
28
18446677574730907692
2
18446677574730907747
5
18446677574730907748
1
18446677574730907760
2
18446677574730907763
1
18446677600500711456
1
18446677600500711525
5
18446677600500711529
11
18446677600500711530
7
18446677604795663243
2
18446677609090646113
2
18446677609090646117
63
18446677609090646121
2
18446677609090646122
1
18446677609090646126
15
18446677613385597613
2
18446677634860449824
1
18446677634860449891
1
18446677634860449892
1
18446677634860449898
1
18446677634860449901
1
18446677634860449906
2
18446677639155401889
2
18446677652040319008
6
18446677652040319082
10
18446677652040319091
6
18446677660630253600
14
18446677660630253667
1
18446677660630253671
6
18446677660630253684
1
18446677669220188194
2
18446677669220188260
7
18446677669220188268
3
18446677669220188270
2
18446677669220188274
3
18446677669220188276
4
18446677673515140249
1
18446677694989991968
1
18446677694989992037
4
18446677694989992041
34
18446677703579926625
2
18446677703579926633
34
18446677703579926645
2
18446677720759795809
3
18446677720759795826
1
18446677725054747559
1
18446677737939664994
13
18446677737939664996
3
18446677737939664999
3
18446677737939665006
6
18446677737939665012
2
18446677789479272553
10
18446677810954109025
3
18446677810954109045
1
18446677819544043552
2
18446677819544043635
7
18446678661357633568
21
18446678661357633633
8
18446678661357633635
2
18446678661357633637
5
18446678661357633647
9
18446678661357633653
5
18446678661357633657
2
18446678665652585139
4
18446678669947568162
1
18446678669947568227
5
18446678669947568243
9
18446678687127437427
1
18446678725782143008
4
18446678725782143021
1
18446678725782143079
2
18446678725782143081
2
18446678725782143090
1
18446678725782143098
1
18446678760141881376
2
18446678760141881378
1
18446678760141881388
2
18446678760141881445
4
18446678760141881454
3
18446678760141881455
3
18446678760141881459
12
18446678764436832941
6
18446678768731816035
2
18446678768731816044
1
18446678768731816050
2
18446678794501619744
1
18446678794501619809
5
18446678794501619811
5
18446678794501619813
25
18446678794501619817
1
18446678794501619819
55
18446678794501619822
1
18446678794501619823
2
18446678794501619824
5
18446678794501619828
12
18446678798796571309
2
18446678798796571563
3
18446678798796571809
2
18446678837451292786
14
18446678837451292788
2
18446678841746244769
2
18446678854631161888
1
18446678854631161890
2
18446678854631161965
1
18446678854631161971
10
18446678863221096566
1
18446678871811031072
6
18446678901875802144
1
18446678901875802156
1
18446678901875802222
1
18446678910465736809
1
18446678910465736810
1
18446678910465736814
6
18446678910465736819
8
18446678910465736821
1
18446678910465736825
52
18446678919055671393
2
18446678919055671397
1
18446678919055671401
4
18446678919055671406
2
18446678919055671407
1
18446678919055671413
1
18446678919055671417
10
18446688737350909984
4
18446688741645864372
2
18446688741645864578
39
18446688741645864579
4
18446688741645864580
9
18446688745940831665
1
18446688745940831674
1
18446688745940831675
2
18446688745940831677
2
18446688745940831872
1
18446688745940831873
4
18446688745940844576
66
18446688745940844589
1
18446688750235798972
11
18446688750235799169
2
18446688750235799170
44
18446688750235799172
1
18446688750235811872
1
18446688750235811951
5
18446688754530766257
73
18446688754530766260
3
18446688754530766266
6
18446688754530766271
20
18446688754530766464
3
18446688754530766468
6
18446688754530766473
3
18446688758825746464
67
18446688758825746477
1
18446688758825746479
1
18446688758825746482
1
18446688758825746550
5
18446688763120700847
7
18446688763120700850
1
18446688763120700851
7
18446688763120700852
3
18446688763120700856
9
18446688763120700857
40
18446688763120700858
15
18446688763120700859
7
18446688763120700860
5
18446688763120700861
17
18446688763120700862
1
18446688763120701056
6
18446688763120701057
20
18446688763120701058
30
18446688763120701059
10
18446688763120701060
69
18446688763120701061
4
18446688763120701062
7
18446688763120713836
1
18446688767415668145
3
18446688767415668149
2
18446688767415668153
4
18446688767415668159
7
18446688767415681135
1
18446688767415681142
2
18446688771710635437
1
18446688771710635439
49
18446688771710635441
4
18446688771710635443
12
18446688771710635445
28
18446688771710635447
1
18446688771710635449
23
18446688771710635450
2
18446688771710635453
4
18446688771710635455
3
18446688771710635649
8
18446688771710635653
2
18446688771710648431
6
18446688776005602735
4
18446688776005602737
1
18446688776005602741
13
18446688776005602743
1
18446688776005602745
24
18446688776005602751
13
18446688776005602945
5
18446688776005602953
2
18446688776005615648
3
18446688776005615657
2
18446688776005615662
3
18446688776005615734
2
18446688780300570031
22
18446688780300570034
2
18446688780300570035
9
18446688780300570036
2
18446688780300570037
4
18446688780300570040
5
18446688780300570041
31
18446688780300570042
9
18446688780300570043
43
18446688780300570044
1
18446688780300570045
8
18446688780300570240
14
18446688780300570241
10
18446688780300570243
3
18446688780300570244
3
18446688780300570245
35
18446688780300570246
2
18446688780300570247
11
18446688780300570253
1
18446688784595550240
10
18446688784595550326
2
18446688788890504627
1
18446688788890504635
10
18446688788890504636
4
18446688788890504637
12
18446688788890504833
2
18446688788890504834
14
18446688788890504835
11
18446688788890504836
17
18446688788890504839
3
18446688788890517545
1
18446688788890517615
7
18446688793185471921
2
18446688793185471925
5
18446688793185471927
4
18446688793185471933
5
18446688793185471935
4
18446688793185472129
3
18446688793185472142
3
18446688793185484832
17
18446688793185484846
3
18446688793185484911
13
18446688793185484918
5
18446688797480439212
4
18446688797480439217
43
18446688797480439220
24
18446688797480439221
5
18446688797480439223
7
18446688797480439226
135
18446688797480439228
5
18446688797480439229
7
18446688797480439231
24
18446688797480439424
1
18446688797480439425
17
18446688797480439427
25
18446688797480439428
6
18446688797480439433
1
18446688797480439438
3
18446688797480452207
1
18446688801775406508
4
18446688801775406510
93
18446688801775406513
22
18446688801775406516
1
18446688801775406517
6
18446688801775406519
8
18446688801775406527
14
18446688801775406720
4
18446688801775406721
4
18446688801775406724
12
18446688801775406732
30
18446688801775406733
39
18446688801775406734
7
18446688801775419503
28
18446688806070373804
40
18446688806070373806
7
18446688806070373807
1
18446688806070373809
4
18446688806070373813
14
18446688806070373815
2
18446688806070373817
7
18446688806070373819
42
18446688806070373820
3
18446688806070373823
35
18446688806070374021
2
18446688806070374022
2
18446688806070374025
4
18446688806070374030
2
18446688806070386799
2
18446688810365341100
5
18446688810365341101
3
18446688810365341102
6
18446688810365341103
4
18446688810365341105
46
18446688810365341106
7
18446688810365341109
5
18446688810365341111
4
18446688810365341113
6
18446688810365341116
3
18446688810365341119
5
18446688810365341312
1
18446688810365341317
1
18446688810365341321
2
18446688810365341326
2
18446688810365354016
37
18446688810365354030
1
18446688810365354031
1
18446688810365354095
6
18446688814660308399
3
18446688814660308401
10
18446688814660308404
1
18446688814660308405
13
18446688814660308407
1
18446688814660308409
24
18446688814660308415
34
18446688814660308612
12
18446688814660308617
9
18446688814660308622
5
18446688818955275705
1
18446688818955288608
34
18446688818955288621
2
18446688823250242991
2
18446688823250242993
1
18446688823250242994
1
18446688823250242995
32
18446688823250242996
16
18446688823250243000
1
18446688823250243001
18
18446688823250243002
5
18446688823250243003
40
18446688823250243004
5
18446688823250243005
19
18446688823250243200
10
18446688823250243201
6
18446688823250243202
55
18446688823250243203
16
18446688823250243204
4
18446688823250243205
36
18446688823250243206
2
18446688823250243207
2
18446688823250243208
1
18446688823250243213
16
18446689647883976745
1
18446689647883976815
1
18446689647883976822
1
18446689652178931121
26
18446689652178931125
5
18446689652178931128
1
18446689652178931129
19
18446689652178931131
6
18446689652178931133
1
18446689652178931135
24
18446689652178931329
49
18446689652178931332
15
18446689652178931333
2
18446689652178931340
1
18446689652178944111
14
18446689656473898413
1
18446689656473898417
17
18446689656473898419
30
18446689656473898420
2
18446689656473898421
4
18446689656473898423
6
18446689656473898424
4
18446689656473898425
51
18446689656473898428
5
18446689656473898431
67
18446689656473898629
4
18446689656473898631
12
18446689656473898633
2
18446689656473898636
9
18446689656473898637
2
18446689656473898638
3
18446689656473911328
185
18446689656473911330
2
18446689656473911340
2
18446689665063833006
1
18446689665063833007
2
18446689665063833009
3
18446689665063833015
23
18446689665063833016
2
18446689665063833017
7
18446689665063833018
6
18446689665063833023
4
18446689665063833219
3
18446689665063833220
33
18446689665063833221
7
18446689665063833223
9
18446689665063833225
1
18446689665063833228
1
18446689665063845934
3
18446689665063845999
8
18446689669358800300
2
18446689669358800301
6
18446689669358800302
10
18446689669358800303
7
18446689669358800305
14
18446689669358800309
21
18446689669358800311
26
18446689669358800313
51
18446689669358800315
5
18446689669358800316
6
18446689669358800319
35
18446689669358800513
53
18446689669358800515
1
18446689669358800517
13
18446689669358800521
6
18446689669358800524
3
18446689669358813216
15
18446689669358813228
2
18446689669358813302
1
18446689673653767603
10
18446689673653767612
18
18446689673653767613
2
18446689673653767808
9
18446689673653767809
35
18446689673653767811
2
18446689673653767812
28
18446689673653767815
19
18446689677948734894
5
18446689677948734897
3
18446689677948734904
2
18446689677948735105
4
18446689677948735109
4
18446689677948735118
2
18446689677948747887
2
18446689682243702191
15
18446689682243702193
3
18446689682243702197
17
18446689682243702201
16
18446689682243702205
10
18446689682243702207
10
18446689682243702414
1
18446689686538669701
6
18446689686538682486
1
18446689690833636796
5
18446689690833636797
17
18446689690833636992
1
18446689690833636995
3
18446689690833636996
6
18446689699423584288
19
18446689703718538674
1
18446689703718538675
1
18446689703718538684
3
18446689703718538685
9
18446689703718538882
4
18446689703718538884
7
18446689703718551584
6
18446689708013505979
7
18446689708013505980
2
18446689708013506176
39
18446689708013506177
1
18446689708013506180
1
18446689708013506183
2
18446689708013518966
1
18446689712308473268
1
18446689712308473271
2
18446689712308473277
17
18446689712308473279
1
18446689712308473473
6
