2393
137438953506
120
137438953511
1
137438953512
617
137438953515
1
137438953517
54
137438953519
1
137438953520
1
137438953521
829
137438953522
444
137438953523
184
137438953524
136
137438953525
214
137438953526
56
137438953527
61
137438953528
72
137438953529
18
137438953563
47
137438953569
2411
137438953570
1094
137438953571
421
137438953572
2208
137438953573
648
137438953574
460
137438953575
1031
137438953576
147
137438953577
2460
137438953578
506
137438953579
2576
137438953580
706
137438953581
2335
137438953582
1728
137438953583
600
137438953584
4114
137438953585
10
137438953586
969
137438953587
2689
137438953588
2402
137438953589
638
137438953590
1781
137438953591
70
137438953592
1
137438953593
208
137438953594
96
137438953596
2652
141731921811
45
141731921812
89
141733905057
7
141733905060
8
141733905061
2
141733905065
14
141733905077
6
141733905078
4
141733905080
2
141733905082
1
141733905084
19
141733905281
6
141733905291
5
141733905293
16
141733905303
2
141733905313
3
141733905315
2
141733905327
720
141733905335
6
141733905538
1
141733905561
2
141733905563
3
141733905569
326
141733905579
12
141733905598
124
141733907884
3
141733907886
3
141733907889
41
141733907890
3
141733907891
11
141733907892
7
141733907893
38
141733907895
1
141733907896
9
141733907897
18
141733907898
22
141733907899
1
141733907900
17
141733907901
25
141733907903
23
141733908096
49
141733908097
3
141733908099
23
141733908100
28
141733908101
13
141733908102
7
141733908103
13
141733908104
4
141733908105
2
146028888096
116
146028888105
242
146028888108
19
146028888109
1
146028888110
1
146028888161
30
146028888162
28
146028888163
1
146028888164
28
146028888165
10
146028888166
21
146028888167
10
146028888168
6
146028888169
8
146028888171
23
146028888172
12
146028888173
67
146028888174
9
146028888175
17
146028888176
29
146028888178
4
146028888179
28
146028888180
9
146028888181
11
146028888182
19
146028888183
6
146028888186
5
150321856403
1
150321856404
2
150323839657
2
150323839674
1
150323839676
1
150323839885
2
150323839919
1
150323842495
1
150323842692
1
163208757363
2
167503724576
16
167503724641
16
167503724645
49
167503724648
1
167503724649
7
167503724655
3
167503724659
1
167503724661
1
171798676137
6
171798678961
1
171798691872
4
171798691874
244
171798691880
1
171798691885
4
171798691889
14
171798691890
16
171798691891
12
171798691892
6
171798691893
3
171798691894
4
171798691895
2
171798691896
1
171798691897
1
171798691937
66
171798691938
23
171798691939
11
171798691940
30
171798691941
23
171798691942
4
171798691943
2
171798691944
6
171798691945
44
171798691946
1
171798691947
3
171798691948
12
171798691949
15
171798691950
30
171798691951
10
171798691952
27
171798691954
14
171798691955
15
171798691956
15
171798691957
6
171798691958
19
171798691961
2
171798691962
1
176093643432
10
176093643433
1
176093643452
1
176093643661
2
176093643695
8
176093643937
1
176093643966
2
176093646257
1
176093646261
1
176093646266
1
176093646468
4
176093659168
539
176093659170
26
176093659176
1
176093659177
4
176093659180
83
176093659182
9
176093659183
10
176093659186
1
176093659195
10
176093659233
3
176093659234
2
176093659235
4
176093659236
16
176093659240
1
176093659241
1
176093659244
2
176093659248
4
176093659250
1
176093659251
1
176093659252
5
176093659253
2
176093659254
2
184683593760
1
188978561056
2674
188978561058
16
188978561074
1
188978561075
1
188978561077
3
188978561121
3
188978561122
1
188978561124
7
188978561127
1
188978561131
3
188978561132
3
188978561136
2
188978561138
1
188978561139
5
188978561141
1
188978561142
2
193273513121
1
193273515651
1
193273528352
482
193273528364
8
193273528365
336
193273528369
51
193273528370
19
193273528371
2
193273528372
1
193273528417
11
193273528418
1
193273528419
3
193273528420
5
193273528421
9
193273528422
18
193273528423
7
193273528424
3
193273528425
17
193273528426
4
193273528427
6
193273528428
13
193273528429
2
193273528430
4
193273528431
7
193273528432
6
193273528433
2
193273528434
11
193273528435
3
193273528436
12
193273528437
4
193273528438
7
193273528439
1
197568479905
1
197568479913
1
197568480161
1
197568480167
1
197568480417
1
197568482739
2
197568482944
1
197568495648
1291
197568495650
8
197568495657
54
197568495660
38
197568495661
5
197568495665
81
197568495666
106
197568495667
50
197568495668
25
197568495669
17
197568495670
18
197568495671
8
197568495674
3
197568495675
4
197568495713
32
197568495714
7
197568495715
10
197568495716
39
197568495717
17
197568495718
4
197568495719
3
197568495720
7
197568495721
11
197568495723
9
197568495724
1
197568495725
11
197568495726
2
197568495727
2
197568495728
2
197568495730
4
197568495731
9
197568495732
13
197568495733
23
197568495734
15
197568495737
1
197568495738
3
201863447201
1
201863447222
1
201863450037
3
201863450041
3
201863450042
2
201863450044
1
201863450045
2
201863450240
10
201863450244
2
201863450245
4
201863462944
26
201863462961
21
201863462962
7
201863462963
23
201863462964
26
201863462965
7
201863462966
5
201863462967
1
201863462969
3
201863463009
26
201863463010
78
201863463011
4
201863463012
20
201863463013
90
201863463014
40
201863463015
6
201863463016
23
201863463017
8
201863463019
13
201863463020
13
201863463021
12
201863463022
4
201863463023
7
201863463024
11
201863463026
5
201863463027
9
201863463028
6
201863463029
4
201863463030
6
201863463033
2
201863463034
2
206158414518
2
206158417338
1
206158417340
1
206158430240
165
206158430249
5
206158430252
7
206158430253
3
206158430254
4
206158430255
13
206158430256
236
206158430257
18
206158430258
17
206158430259
18
206158430260
123
206158430261
12
206158430262
14
206158430263
17
206158430264
3
206158430265
2
206158430301
6
206158430305
1
206158430306
1
210453397536
386
210453397545
8
210453397548
26
210453397549
5
210453397550
189
210453397551
11
210453397552
41
210453397553
38
210453397554
43
210453397555
33
210453397556
25
210453397557
27
210453397558
19
210453397559
19
210453397560
24
210453397561
436
210453397597
15
214746365843
2
214748364832
189
214748364841
7
214748364844
43
214748364845
4
214748364846
155
214748364847
20
214748364848
263
214748364849
30
214748364850
15
214748364851
48
214748364852
36
214748364853
24
214748364854
8
214748364855
15
214748364856
35
214748364857
16
214748364893
11
219043332128
180
219043332137
5
219043332140
26
219043332141
4
219043332142
107
219043332143
10
219043332144
18
219043332145
52
219043332146
11
219043332147
20
219043332148
25
219043332149
19
219043332150
42
219043332151
21
219043332152
25
219043332153
18
219043332189
10
223338299424
305
223338299433
6
223338299436
27
223338299437
4
223338299438
55
223338299439
16
223338299440
27
223338299441
10
223338299442
10
223338299443
14
223338299444
14
223338299445
19
223338299446
20
223338299447
11
223338299448
14
223338299449
7
223338299485
10
227633266720
133
227633266729
6
227633266732
18
227633266734
198
227633266735
21
227633266736
13
227633266737
17
227633266738
12
227633266739
10
227633266740
10
227633266741
13
227633266742
12
227633266743
4
227633266744
23
227633266745
9
227633266781
10
231928234016
121
231928234025
4
231928234028
4
231928234029
10
231928234030
43
231928234031
12
231928234032
10
231928234033
11
231928234034
6
231928234035
4
231928234036
17
231928234037
4
231928234038
4
231928234039
3
231928234040
25
231928234041
13
231928234077
8
236223201312
95
236223201321
4
236223201324
11
236223201325
17
236223201326
16
236223201327
15
236223201328
10
236223201329
19
236223201330
4
236223201331
5
236223201332
1
236223201333
15
236223201334
27
236223201335
21
236223201336
19
236223201337
10
236223201373
6
240518168608
146
240518168617
4
240518168620
13
240518168621
19
240518168622
7
240518168623
35
240518168624
36
240518168625
12
240518168626
14
240518168627
19
240518168628
14
240518168629
34
240518168630
15
240518168631
26
240518168632
30
240518168633
21
240518168669
6
244811136915
1
244813135904
97
244813135913
5
244813135916
4
244813135917
7
244813135918
3
244813135919
23
244813135920
9
244813135921
14
244813135922
16
244813135923
10
244813135924
59
244813135925
42
244813135926
25
244813135927
76
244813135928
164
244813135929
173
244813135965
6
249106104211
1
249108103200
63
249108103202
1
249108103268
1
249108103275
1
253403070496
72
253403070573
1
253403070581
16
261993005088
2
390842023985
44
390842023986
20
390842023987
4
390842023988
4
390842023989
4
390842023990
4
390842023991
4
390842023992
4
390842023993
4
399431958560
70
399431958572
11
399431958645
1
412316860448
6
416611827744
3206
416611827746
52
416611827751
16
416611827753
81
416611827756
261
416611827757
5
416611827758
17
416611827759
40
416611827762
5
416611827770
9
416611827771
16
416611827808
6
416611827809
70
416611827810
133
416611827811
679
416611827812
610
416611827813
37
416611827814
39
416611827815
517
416611827816
13
416611827817
2682
416611827818
20
416611827819
729
416611827820
2866
416611827821
1446
416611827822
1958
416611827823
1
416611827824
419
416611827825
2
416611827826
2707
416611827827
2351
416611827828
2009
416611827829
1169
416611827830
612
416611827831
13
416611827832
20
416611827834
41
420904796051
1
420906779303
2
420906779309
1
420906779310
1
420906779313
38
420906779322
9
420906779531
3
420906779533
71
420906779559
2
420906779580
2
420906779778
24
420906779780
5
420906779801
13
420906779803
2
420906779809
131
420906779834
1
420906779838
390
420906795040
65
420906795042
1
420906795049
47
420906795052
25
420906795053
1
420906795054
13
420906795105
749
420906795106
9
420906795107
4
420906795108
11
420906795109
633
420906795111
4
420906795113
315
420906795114
2
420906795115
2
420906795116
96
420906795118
24
420906795119
296
420906795122
63
420906795123
35
420906795124
23
420906795125
118
420906795126
6
420906795129
25
420906795130
2
425201746593
2
425201746601
9
425201746605
1
425201746616
2
425201746620
2
425201746817
6
425201746821
15
425201746835
2
425201746839
392
425201746841
33
425201747089
1
425201747115
259
425201747123
9
425201762336
57
425201762338
1
425201762345
31
425201762348
2
425201762349
1
425201762350
9
425201762351
1
425201762358
1
425201762401
224
425201762403
12
425201762404
1
425201762405
174
425201762408
1387
425201762409
1691
425201762410
15
425201762411
52
425201762412
36
425201762413
5
425201762414
40
425201762415
186
425201762418
17
425201762419
16
425201762420
169
425201762421
68
425201762422
1
425201762423
2
425201762425
13
425201762426
39
429496713897
2
429496713898
1
429496713901
17
429496714135
2
429496714155
10
429496714370
2
429496729632
535
429496729634
4
429496729639
52
429496729641
21
429496729644
8
429496729645
8
429496729646
312
429496729647
2
429496729659
3
429496729697
981
429496729698
9
429496729699
1
429496729700
6
429496729701
970
429496729703
2
429496729704
29
429496729705
1752
429496729706
8
429496729707
4
429496729708
15
429496729709
23
429496729710
21
429496729711
654
429496729712
7
429496729714
259
429496729715
44
429496729716
6
429496729717
335
429496729718
70
429496729719
13
429496729721
673
429496729722
49
433791681185
1
433791681188
1
433791681193
5
433791681197
2
433791681203
4
433791681212
3
433791681413
57
433791681421
7
433791681427
2
433791681431
203
433791681435
4
433791681451
1
433791681455
3
433791681681
1
433791681697
1
433791681707
3
433791681711
10
433791681715
44
433791681726
199
433791696928
2789
433791696930
42
433791696936
11
433791696937
56
433791696940
221
433791696941
20
433791696942
28
433791696943
82
433791696946
5
433791696947
2
433791696948
1
433791696949
1
433791696950
1
433791696954
7
433791696955
10
433791696993
98
433791696994
153
433791696995
745
433791696996
773
433791696997
198
433791696998
26
433791696999
500
433791697000
33
433791697001
1890
433791697002
213
433791697003
895
433791697004
602
433791697005
507
433791697006
2411
433791697007
65
433791697008
143
433791697009
3
433791697010
2120
433791697011
1632
433791697012
1414
433791697013
258
433791697014
87
433791697015
21
433791697016
86
433791697017
10
433791697018
46
438086648479
1
438086648481
3
438086648484
2
438086648485
2
438086648493
1
438086648715
6
438086648717
79
438086648737
1
438086648751
5
438086648766
8
438086648993
52
438086649020
2
438086649022
68
438086651323
2
438086664224
77
438086664226
1
438086664233
10
438086664289
194
438086664290
1
438086664293
622
438086664294
18
438086664295
8
438086664296
1
438086664297
625
438086664298
1
438086664300
26
438086664301
1
438086664303
251
438086664306
64
438086664307
14
438086664308
52
438086664309
30
438086664313
14
442381615780
5
442381615789
2
442381615798
8
442381615800
5
442381615802
2
442381615804
18
442381616273
2
442381631520
158
442381631522
5
442381631529
9
442381631532
4
442381631533
2
442381631534
24
442381631535
2
442381631585
835
442381631586
1
442381631588
148
442381631589
575
442381631590
7
442381631591
4
442381631592
4
442381631593
1675
442381631595
13
442381631596
86
442381631597
8
442381631598
83
442381631599
418
442381631600
9
442381631602
360
442381631603
69
442381631604
79
442381631605
187
442381631606
7
442381631607
1
442381631609
502
442381631610
104
446676583073
1
446676583076
3
446676583081
20
446676583085
37
446676583091
3
446676583094
2
446676583100
4
446676583301
24
446676583319
26
446676583321
56
446676583335
1
446676583343
10
446676583554
1
446676583585
2
446676583595
29
446676583603
80
446676598816
102
446676598818
1
446676598825
7
446676598829
5
446676598830
15
446676598843
4
446676598881
156
446676598882
14
446676598884
1
446676598885
332
446676598886
1
446676598888
9
446676598889
663
446676598890
2
446676598891
1
446676598892
47
446676598893
2
446676598894
237
446676598895
172
446676598898
25
446676598899
23
446676598900
31
446676598901
69
446676598903
11
446676598905
13
446676598906
2
450971550369
2
450971550372
11
450971550373
1
450971550374
1
450971550377
15
450971550390
18
450971550392
3
450971550396
1
450971550397
2
450971550593
2
450971566112
2743
450971566114
7
450971566121
60
450971566124
216
450971566125
5
450971566126
19
450971566127
44
450971566138
4
450971566139
2
450971566177
2153
450971566178
61
450971566179
767
450971566180
387
450971566181
1771
450971566182
455
450971566183
469
450971566184
8
450971566185
339
450971566186
1985
450971566187
2379
450971566188
470
450971566189
1813
450971566190
5134
450971566191
2052
450971566192
1139
450971566193
80
450971566194
2141
450971566195
2317
450971566196
1936
450971566197
426
450971566198
513
450971566199
11
450971566200
1
450971566202
268
455266517664
1
455266517665
14
455266517668
1
455266517672
3
455266517673
4
455266517674
1
455266517675
38
455266517677
1
455266517683
15
455266517692
1
455266517893
137
455266517899
10
455266517901
47
455266517911
45
455266517913
1
455266517943
3
455266518148
2
455266518177
613
455266518187
90
455266518195
899
455266518204
1
455266518206
44
455266520497
10
455266533408
15
455266533417
4
455266533422
1
455266533473
1095
455266533476
1
455266533477
959
455266533478
1
455266533481
382
455266533483
8
455266533486
35
455266533487
1247
455266533490
1
455266533491
17
455266533492
1
455266533493
279
455266533494
6
455266533497
8
455266533498
2
459561484964
3
459561484966
1
459561484982
1
459561484986
1
459561485185
2
459561485189
209
459561485207
36
459561485209
25
459561485231
29
459561485483
34
459561485491
369
459561500704
140
459561500706
20
459561500713
7
459561500716
6
459561500717
2
459561500718
1
459561500719
3
459561500730
1
459561500769
2231
459561500771
27
459561500772
74
459561500773
305
459561500775
1
459561500776
5
459561500777
1299
459561500778
1
459561500779
11
459561500780
517
459561500781
138
459561500782
7
459561500783
1166
459561500786
218
459561500787
254
459561500788
1170
459561500789
1120
459561500790
399
459561500791
6
459561500793
550
463856452257
122
463856452260
14
463856452265
17
463856452278
6
463856452280
2
463856452284
4
463856452285
13
463856452481
23
463856452485
47
463856452493
5
463856452503
153
463856452505
19
463856452527
20
463856452540
2
463856452769
52
463856452779
6
463856452787
71
463856455300
1
463856468000
505
463856468002
2
463856468007
32
463856468008
3
463856468009
4
463856468012
4
463856468013
23
463856468014
10
463856468015
1
463856468018
2
463856468019
1
463856468065
1563
463856468066
34
463856468067
10
463856468068
97
463856468069
600
463856468070
6
463856468071
171
463856468072
1
463856468073
2197
463856468074
20
463856468075
40
463856468076
171
463856468077
79
463856468078
35
463856468079
1395
463856468080
3
463856468081
1
463856468082
1
463856468083
573
463856468084
218
463856468085
130
463856468086
7
463856468087
3
463856468089
286
463856468090
1
468151419553
15
468151419556
38
468151419558
14
468151419560
1
468151419561
21
468151419565
7
468151419571
54
468151419572
29
468151419573
2
468151419574
3
468151419580
1
468151419777
2
468151419781
30
468151419789
1
468151419795
1
468151419799
87
468151419801
6
468151419819
5
468151419823
20
468151420049
1
468151420075
6
468151420079
1
468151420083
40
468151435296
273
468151435298
1
468151435302
2
468151435305
2
468151435308
4
468151435309
10
468151435310
488
468151435311
1
468151435322
1
468151435323
2
468151435361
2300
468151435362
59
468151435364
29
468151435365
1585
468151435366
3
468151435367
6
468151435368
1
468151435369
1007
468151435371
2
468151435372
2
468151435373
90
468151435374
19
468151435375
1783
468151435376
356
468151435378
5
468151435379
328
468151435380
138
468151435381
394
468151435382
5
468151435383
1
468151435385
160
468151435386
2
472446386849
5
472446386852
10
472446386857
47
472446386861
1
472446386867
1
472446386870
3
472446386876
1
472446387073
8
472446387077
442
472446387095
369
472446387097
5
472446387099
6
472446387115
1
472446387330
1
472446387345
1
472446387361
2
472446387377
1
472446387379
172
472446387390
11
472446402592
572
472446402594
31
472446402600
1
472446402601
26
472446402604
3
472446402605
18
472446402606
12
472446402607
9
472446402611
1
472446402613
1
472446402614
2
472446402618
1
472446402619
1
472446402657
1360
472446402658
4
472446402659
183
472446402660
932
472446402661
1197
472446402662
104
472446402663
863
472446402664
31
472446402665
2955
472446402666
2
472446402667
804
472446402668
45
472446402669
56
472446402670
51
472446402671
438
472446402672
19
472446402673
3
472446402674
16
472446402675
570
472446402676
1654
472446402677
656
472446402678
14
472446402679
3
472446402681
172
472446402682
18
476741354145
43
476741354148
14
476741354150
5
476741354151
6
476741354153
40
476741354157
132
476741354163
5
476741354166
2
476741354170
1
476741354173
14
476741354369
3
476741354373
62
476741354381
247
476741354391
583
476741354393
119
476741354395
2
476741354411
2
476741354415
154
476741354641
3
476741354675
85
476741354684
50
476741354686
85
476741369888
3387
476741369890
23
476741369897
8
476741369900
220
476741369901
49
476741369902
10
476741369903
24
476741369909
1
476741369915
2
476741369953
13
476741369954
110
476741369955
191
476741369956
689
476741369957
53
476741369958
715
476741369959
804
476741369960
10
476741369961
25
476741369962
1101
476741369963
897
476741369964
1134
476741369965
1308
476741369966
743
476741369967
76
476741369968
220
476741369969
1
476741369970
943
476741369971
3052
476741369972
482
476741369973
103
476741369974
291
476741369975
33
476741369976
2
476741369977
10
476741369978
43
481036321677
1
481036321697
21
481036321699
25
481036321719
1
481036321922
9
481036321924
8
481036321945
2
481036321953
26
481036321980
6
481036321982
7
481036324271
3
481036324274
1
481036324275
25
481036324276
6
481036324280
1
481036324282
2
481036324283
28
481036324284
7
481036324480
3
481036324481
1
481036324482
3
481036324485
8
481036324487
3
481036324488
1
481036337184
326
481036337196
4
481036337198
31
481036337199
5
481036337249
2006
481036337251
1
481036337252
11
481036337253
836
481036337254
23
481036337255
2
481036337256
31
481036337257
503
481036337258
9
481036337259
2
481036337260
491
481036337261
5
481036337262
9
481036337263
456
481036337264
21
481036337266
1818
481036337267
418
481036337268
54
481036337269
245
481036337270
12
481036337273
4
485331288740
13
485331288742
4
485331288745
38
485331288749
2
485331288755
1
485331288756
4
485331288757
1
485331288762
2
485331288961
1
485331288965
5
485331288973
4
485331288979
2
485331288983
38
485331288985
1
485331289007
30
485331289218
1
485331289241
1
485331289249
2
485331289267
11
485331289278
10
485331304480
1
485331304545
1
485331304563
2
485331304565
123
485331304567
1
489626271776
1692
489626271778
52
489626271784
16
489626271785
18
489626271788
34
489626271789
16
489626271790
28
489626271791
31
489626271794
1
489626271841
1847
489626271842
454
489626271843
475
489626271844
272
489626271845
1583
489626271846
4
489626271847
356
489626271848
33
489626271849
3018
489626271850
12
489626271851
160
489626271852
78
489626271853
433
489626271854
93
489626271855
1913
489626271856
114
489626271857
24
489626271858
53
489626271859
693
489626271860
786
489626271861
749
489626271862
50
489626271863
14
489626271865
228
489626271866
68
493919240083
1
493921223329
12
493921223332
8
493921223333
2
493921223337
15
493921223338
1
493921223341
5
493921223347
3
493921223350
4
493921223352
1
493921223354
1
493921223356
16
493921223553
1
493921223557
45
493921223565
17
493921223571
1
493921223575
438
493921223577
7
493921223585
12
493921223587
7
493921223595
4
493921223599
70
493921223841
10
493921223851
71
493921223855
1
493921223857
1
493921223859
30
493921223870
20
493921239072
6759
493921239074
42
493921239081
78
493921239084
641
493921239085
25
493921239086
52
493921239087
15
493921239093
1
493921239094
1
493921239098
28
493921239099
10
493921239137
512
493921239138
28
493921239139
302
493921239140
17
493921239141
488
493921239142
15
493921239143
9
493921239144
26
493921239145
2240
493921239146
23
493921239147
648
493921239148
438
493921239149
217
493921239150
478
493921239151
293
493921239152
484
493921239154
86
493921239155
109
493921239156
3102
493921239157
830
493921239158
138
493921239159
8
493921239161
119
493921239162
115
498216190625
1
498216190627
1
498216190628
4
498216190633
6
498216190637
2
498216190648
2
498216190652
3
498216190849
4
498216190853
140
498216190861
31
498216190871
129
498216190873
50
498216190895
6
498216191106
1
498216191155
100
498216206368
711
498216206370
29
498216206376
19
498216206377
23
498216206380
35
498216206381
10
498216206382
13
498216206383
18
498216206386
1
498216206387
1
498216206388
4
498216206389
1
498216206390
1
498216206394
1
498216206395
10
498216206433
2377
498216206434
8
498216206435
2
498216206436
5
498216206437
2769
498216206438
11
498216206439
8
498216206440
150
498216206441
3281
498216206442
1
498216206443
25
498216206444
72
498216206445
9
498216206446
49
498216206447
2057
498216206448
2
498216206450
1307
498216206451
286
498216206452
38
498216206453
1474
498216206454
421
498216206455
22
498216206457
989
498216206458
4
502511157920
44
502511157921
14
502511157924
27
502511157925
4
502511157926
1
502511157928
3
502511157929
76
502511157933
13
502511157939
5
502511157942
1
502511157946
12
502511157948
4
502511158145
17
502511158149
227
502511158163
1
502511158167
65
502511158169
12
502511158187
1
502511158191
134
502511158425
6
502511158443
176
502511158447
2
502511158451
799
502511158462
3
502511160751
1
502511173664
694
502511173666
6
502511173673
12
502511173676
68
502511173677
2
502511173678
11
502511173679
1
502511173683
1
502511173691
2
502511173729
19
502511173730
95
502511173731
235
502511173732
340
502511173733
102
502511173734
9
502511173735
430
502511173736
10
502511173737
149
502511173738
94
502511173739
328
502511173740
252
502511173741
445
502511173742
823
502511173743
981
502511173744
98
502511173746
1949
502511173747
1267
502511173748
553
502511173749
21
502511173750
110
502511173751
12
502511173752
37
502511173754
22
506806125215
1
506806125223
1
506806125225
4
506806125229
1
506806125233
3
506806125453
7
506806125473
1
506806125475
4
506806125698
9
506806125729
101
506806125758
323
506806140960
118
506806140962
2
506806140969
5
506806140974
13
506806140986
1
506806141025
1675
506806141026
11
506806141028
3
506806141029
1261
506806141033
1136
506806141034
4
506806141035
1
506806141036
13
506806141037
8
506806141038
32
506806141039
298
506806141041
2
506806141042
9
506806141043
7
506806141044
4
506806141045
45
506806141046
2
506806141049
161
506806141050
9
511101092513
12
511101092516
4
511101092517
11
511101092518
1
511101092521
14
511101092525
16
511101092541
6
511101092741
23
511101092759
49
511101092761
6
511101092763
10
511101093025
10
511101093035
15
511101093043
18
511101095345
4
511101095348
1
511101095349
4
511101095353
2
511101095556
5
511101095561
1
511101108256
27
511101108258
6
511101108268
1
511101108269
1
511101108270
2
511101108271
3
511101108321
40
511101108325
62
511101108328
3
511101108329
43
511101108331
6
511101108332
1
511101108333
1
511101108334
11
511101108335
8
511101108338
11
511101108339
3
511101108340
1
511101108343
1
511101108345
33
515396060290
4
515396075552
37
515396075561
2
515396075565
1
515396075567
1
515396075617
47
515396075619
1
515396075621
36
515396075625
16
515396075627
3
515396075632
3
519691027113
1
519691042848
197
519691042850
14
519691042857
13
519691042860
11
519691042862
2
519691042867
2
519691042875
10
519691042913
48
519691042914
776
519691042915
68
519691042916
210
519691042917
10
519691042919
152
519691042920
2
519691042921
7
519691042922
182
519691042923
212
519691042924
33
519691042925
795
519691042926
109
519691042927
1
519691042928
52
519691042930
242
519691042931
236
519691042932
784
519691042934
212
519691042935
1
519691042938
3
523985994401
6
523985994413
6
523985994419
7
523985994422
2
523985994913
11
523985994940
9
523986010144
29
523986010146
1
523986010153
1
523986010156
1
523986010158
9
523986010209
209
523986010210
3
523986010211
2
523986010212
35
523986010213
78
523986010215
1
523986010216
1
523986010217
239
523986010218
8
523986010219
25
523986010221
5
523986010222
42
523986010223
45
523986010224
6
523986010227
10
523986010228
38
523986010229
85
523986010231
2
523986010233
13
523986010234
5
528280961697
49
528280961709
2
528280961724
3
528280961921
1
528280961925
3
528280961943
4
528280962193
2
528280962201
4
528280962227
3
532575944736
2652
18438158618768441376
45
18438158618768441389
1
18438158618768441393
3
18438158618768441395
1
18438158618768441441
1
18438158618768441449
1
18438158623063408672
89
18438158623063408747
1
18438158623063408748
3
18446676586888429600
2
18446676586888429667
1
18446676586888429676
1
18446676586888429680
1
18446676591183396896
45
18446676595478364192
144
18446676595478364201
7
18446676595478364259
9
18446676595478364260
4
18446676595478364263
39
18446676595478364266
2
18446676595478364267
1
18446676595478364268
15
18446676595478364269
2
18446676595478364270
14
18446676595478364272
8
18446676595478364274
24
18446676595478364275
11
18446676595478364276
18
18446676595478364278
4
18446676595478364282
2
18446676599773316232
1
18446676599773316249
4
18446676599773316286
2
18446676604068298863
4
18446676608363266093
1
18446676608363266095
1
18446676608363266146
3
18446676608363266148
11
18446676608363266150
2
18446676608363266151
3
18446676608363266153
2
18446676608363266155
31
18446676608363266156
10
18446676608363266157
3
18446676608363266158
22
18446676608363266162
42
18446676608363266163
6
18446676608363266164
26
18446676608363266169
1
18446676612658217631
2
18446676612658217636
13
18446676612658233442
1
18446676612658233444
2
18446676612658233445
4
18446676612658233452
1
18446676612658233458
13
18446676612658233461
1
18446676616953200740
4
18446676616953200743
14
18446676616953200747
1
18446676616953200748
1
18446676616953200749
1
18446676616953200750
1
18446676616953200754
2
18446676616953200755
2
18446676616953200758
1
18446676621248168033
6
18446676625543119523
3
18446676625543135346
16
18446676625543135347
1
18446676629838102560
53
18446676629838102562
1
18446676629838102568
2
18446676629838102625
9
18446676629838102627
41
18446676629838102628
60
18446676629838102629
2
18446676629838102631
7
18446676629838102632
10
18446676629838102635
17
18446676629838102636
8
18446676629838102637
8
18446676629838102638
16
18446676629838102639
3
18446676629838102640
6
18446676629838102642
36
18446676629838102643
48
18446676629838102644
29
18446676629838102646
1
18446676629838102650
1
18446676634133054121
2
18446676634133069934
1
18446676634133069940
1
18446676634133069941
1
18446676638428037167
38
18446676647017971744
116
18446676647017971746
7
18446676647017971753
1
18446676647017971756
2
18446676647017971809
44
18446676647017971811
7
18446676647017971812
2
18446676647017971814
1
18446676647017971816
2
18446676647017971819
13
18446676647017971820
1
18446676647017971821
12
18446676647017971822
20
18446676647017971826
1
18446676647017971827
4
18446676647017971828
20
18446676647017971830
2
18446676647017971834
4
18446676651312939124
1
18446676664197840993
41
18446676672787775520
4
18446676672787775588
1
18446676672787775591
56
18446676672787775596
2
18446676672787775597
1
18446676672787775598
11
18446676672787775600
2
18446676672787775602
4
18446676672787775603
3
18446676672787775607
13
18446676672787775610
3
18446676677082742893
29
18446676677082742898
4
18446676681377710180
1
18446676681377710181
1
18446676681377710188
1
18446676681377710192
6
18446676685672677408
2
18446676685672677423
1
18446676685672677478
1
18446676685672677479
14
18446676685672677480
2
18446676685672677483
1
18446676685672677485
1
18446676685672677486
4
18446676685672677488
1
18446676685672677490
17
18446676685672677491
40
18446676685672677492
7
18446676685672677494
3
18446676694262612066
1
18446676694262612068
1
18446676694262612071
2
18446676694262612074
4
18446676694262612076
1
18446676694262612078
2
18446676694262612082
6
18446676702852546658
2
18446676702852546660
9
18446676702852546674
14
18446676702852546675
1
18446676702852546676
1
18446676702852546682
3
18446676711442481250
14
18446676711442481252
1
18446676711442481254
15
18446676711442481255
7
18446676711442481256
1
18446676711442481260
15
18446676711442481262
7
18446676711442481266
18
18446676711442481267
2
18446676711442481274
1
18446676715737432735
1
18446676715737448480
22
18446676715737448547
10
18446676715737448564
3
18446677557551038496
10
18446677557551038563
7
18446677557551038564
2
18446677557551038570
1
18446677557551038572
3
18446677557551038573
4
18446677557551038574
2
18446677557551038578
19
18446677557551038579
8
18446677557551038580
19
18446677561845990590
1
18446677574730907680
922
18446677574730907689
4
18446677574730907692
279
18446677574730907694
40
18446677574730907706
9
18446677574730907707
1
18446677574730907747
5
18446677574730907748
1
18446677574730907754
42
18446677574730907755
1
18446677574730907756
22
18446677574730907760
2
18446677574730907762
29
18446677574730907763
14
18446677574730907766
5
18446677600500711456
1
18446677600500711525
5
18446677600500711529
11
18446677600500711530
7
18446677604795663243
2
18446677609090646048
13
18446677609090646113
2
18446677609090646116
3
18446677609090646117
83
18446677609090646121
474
18446677609090646122
1
18446677609090646126
15
18446677613385597613
2
18446677634860449824
1
18446677634860449891
1
18446677634860449892
1
18446677634860449898
1
18446677634860449901
1
18446677634860449906
2
18446677639155401889
2
18446677652040319008
508
18446677652040319017
8
18446677652040319020
19
18446677652040319021
1
18446677652040319034
1
18446677652040319076
8
18446677652040319079
2
18446677652040319082
561
18446677652040319083
27
18446677652040319084
113
18446677652040319085
117
18446677652040319086
51
18446677652040319088
1
18446677652040319090
21
18446677652040319091
1099
18446677652040319092
165
18446677652040319094
2
18446677656335271073
8
18446677656335271102
14
18446677660630253600
222
18446677660630253609
1
18446677660630253612
16
18446677660630253614
2
18446677660630253667
1
18446677660630253671
6
18446677660630253683
86
18446677660630253684
1
18446677664925205665
1
18446677669220188194
2
18446677669220188260
7
18446677669220188268
3
18446677669220188270
2
18446677669220188274
3
18446677669220188276
4
18446677673515140249
1
18446677694989991968
1
18446677694989992037
4
18446677694989992041
34
18446677703579926625
2
18446677703579926633
34
18446677703579926645
2
18446677720759795809
3
18446677720759795826
1
18446677725054747559
1
18446677737939664994
13
18446677737939664996
3
18446677737939664999
3
18446677737939665006
6
18446677737939665012
2
18446677755119534112
502
18446677755119534124
47
18446677755119534126
2
18446677755119534139
1
18446677755119534180
3
18446677755119534181
6
18446677755119534183
147
18446677755119534186
2
18446677755119534187
1
18446677755119534189
34
18446677755119534192
3
18446677755119534194
225
18446677755119534195
215
18446677755119534196
19
18446677755119534198
46
18446677789479272553
10
18446677810954109025
3
18446677810954109045
1
18446677819544043552
1
18446677819544043635
7
18446678661357633568
21
18446678661357633633
9
18446678661357633635
2
18446678661357633637
5
18446678661357633647
9
18446678661357633653
5
18446678665652585139
2
18446678669947568162
1
18446678669947568227
5
18446678669947568243
9
18446678687127437427
1
18446678725782143008
4
18446678725782143021
1
18446678725782143079
2
18446678725782143081
2
18446678725782143090
1
18446678725782143098
1
18446678760141881376
2
18446678760141881378
1
18446678760141881388
2
18446678760141881445
4
18446678760141881454
3
18446678760141881455
3
18446678760141881459
12
18446678764436832941
6
18446678768731816035
2
18446678768731816044
1
18446678768731816050
2
18446678794501619744
183
18446678794501619809
93
18446678794501619810
1
18446678794501619811
5
18446678794501619812
133
18446678794501619813
168
18446678794501619815
1
18446678794501619817
314
18446678794501619819
195
18446678794501619820
38
18446678794501619821
6
18446678794501619822
7
18446678794501619823
11
18446678794501619824
7
18446678794501619826
1
18446678794501619827
62
18446678794501619828
100
18446678794501619829
7
18446678794501619830
48
18446678794501619833
33
18446678798796571309
2
18446678798796571525
6
18446678798796571533
8
18446678798796571543
8
18446678798796571563
3
18446678798796571567
11
18446678798796571809
2
18446678798796571827
5
18446678837451292770
1
18446678837451292772
69
18446678837451292775
1
18446678837451292779
22
18446678837451292780
7
18446678837451292781
10
18446678837451292782
21
18446678837451292784
10
18446678837451292786
288
18446678837451292787
5
18446678837451292788
213
18446678837451292790
1
18446678841746244493
9
18446678841746244769
44
18446678854631161888
1
18446678854631161890
2
18446678854631161965
1
18446678854631161971
10
18446678863221096550
1
18446678863221096566
1
18446678871811031072
2401
18446678871811031081
10
18446678871811031084
251
18446678871811031085
3
18446678871811031086
6
18446678871811031099
1
18446678871811031146
19
18446678871811031155
3
18446678901875802222
1
18446678910465736809
1
18446678910465736810
1
18446678910465736814
6
18446678910465736819
8
18446678910465736821
1
18446678910465736825
51
18446678919055671328
23
18446678919055671342
1
18446678919055671393
58
18446678919055671394
3
18446678919055671396
4
18446678919055671397
63
18446678919055671401
586
18446678919055671403
3
18446678919055671405
12
18446678919055671406
8
18446678919055671407
7
18446678919055671408
1
18446678919055671411
135
18446678919055671412
44
18446678919055671413
9
18446678919055671414
36
18446678919055671417
148
18446678923350623109
3
18446678923350623127
114
18446678923350623151
45
18446678923350623411
1
18446688737350909984
4
18446688741645864372
2
18446688741645864578
39
18446688741645864579
4
18446688741645864580
9
18446688745940831665
1
18446688745940831674
1
18446688745940831675
2
18446688745940831677
2
18446688745940831872
1
18446688745940831873
4
18446688745940844576
66
18446688745940844589
1
18446688750235798972
11
18446688750235799169
2
18446688750235799170
44
18446688750235799172
1
18446688750235811872
1
18446688750235811951
5
18446688754530766257
73
18446688754530766260
3
18446688754530766266
6
18446688754530766271
20
18446688754530766464
3
18446688754530766468
6
18446688754530766473
3
18446688758825746464
67
18446688758825746477
1
18446688758825746479
1
18446688758825746482
1
18446688758825746550
5
18446688763120700847
7
18446688763120700850
1
18446688763120700851
7
18446688763120700852
3
18446688763120700856
9
18446688763120700857
40
18446688763120700858
15
18446688763120700859
7
18446688763120700860
5
18446688763120700861
17
18446688763120700862
1
18446688763120701056
6
18446688763120701057
20
18446688763120701058
30
18446688763120701059
10
18446688763120701060
69
18446688763120701061
4
18446688763120701062
7
18446688767415668145
3
18446688767415668149
2
18446688767415668153
4
18446688767415668159
7
18446688767415681135
1
18446688767415681142
2
18446688771710635437
1
18446688771710635439
49
18446688771710635441
4
18446688771710635443
12
18446688771710635445
28
18446688771710635447
1
18446688771710635449
23
18446688771710635450
2
18446688771710635453
4
18446688771710635455
3
18446688771710635649
8
18446688771710635653
2
18446688771710648431
6
18446688776005602735
4
18446688776005602737
1
18446688776005602741
13
18446688776005602743
1
18446688776005602745
24
18446688776005602751
13
18446688776005602945
5
18446688776005602953
2
18446688776005615648
3
18446688776005615657
2
18446688776005615662
3
18446688776005615734
2
18446688780300570031
22
18446688780300570034
2
18446688780300570035
9
18446688780300570036
2
18446688780300570037
4
18446688780300570040
5
18446688780300570041
31
18446688780300570042
9
18446688780300570043
43
18446688780300570044
1
18446688780300570045
8
18446688780300570240
14
18446688780300570241
10
18446688780300570243
3
18446688780300570244
3
18446688780300570245
35
18446688780300570246
2
18446688780300570247
11
18446688780300570253
1
18446688784595550240
10
18446688784595550326
2
18446688788890504627
1
18446688788890504635
10
18446688788890504636
4
18446688788890504637
12
18446688788890504833
2
18446688788890504834
14
18446688788890504835
11
18446688788890504836
17
18446688788890504839
3
18446688788890517545
1
18446688788890517615
7
18446688793185471921
2
18446688793185471925
5
18446688793185471927
4
18446688793185471933
5
18446688793185471935
4
18446688793185472129
3
18446688793185472142
3
18446688793185484832
17
18446688793185484846
3
18446688793185484911
13
18446688793185484918
5
18446688797480439212
4
18446688797480439217
43
18446688797480439220
24
18446688797480439221
5
18446688797480439223
7
18446688797480439226
135
18446688797480439228
5
18446688797480439229
7
18446688797480439231
24
18446688797480439424
1
18446688797480439425
17
18446688797480439427
25
18446688797480439428
6
18446688797480439433
1
18446688797480439438
3
18446688797480452207
1
18446688801775406508
4
18446688801775406510
93
18446688801775406513
22
18446688801775406516
1
18446688801775406517
6
18446688801775406519
8
18446688801775406527
14
18446688801775406720
4
18446688801775406721
4
18446688801775406724
12
18446688801775406732
30
18446688801775406733
39
18446688801775406734
7
18446688801775419503
28
18446688806070373804
40
18446688806070373806
7
18446688806070373807
1
18446688806070373809
4
18446688806070373813
14
18446688806070373815
2
18446688806070373817
7
18446688806070373819
42
18446688806070373820
3
18446688806070373823
35
18446688806070374021
2
18446688806070374022
2
18446688806070374025
4
18446688806070374030
2
18446688806070386799
2
18446688810365341100
5
18446688810365341101
3
18446688810365341102
6
18446688810365341103
4
18446688810365341105
46
18446688810365341106
7
18446688810365341109
5
18446688810365341111
4
18446688810365341113
6
18446688810365341116
3
18446688810365341119
5
18446688810365341312
1
18446688810365341317
1
18446688810365341321
2
18446688810365341326
2
18446688810365354016
37
18446688810365354030
1
18446688810365354031
1
18446688810365354095
6
18446688814660308399
3
18446688814660308401
10
18446688814660308404
1
18446688814660308405
13
18446688814660308407
1
18446688814660308409
24
18446688814660308415
34
18446688814660308612
12
18446688814660308617
9
18446688814660308622
5
18446688818955275705
1
18446688818955288608
34
18446688818955288621
2
18446688823250242991
2
18446688823250242993
1
18446688823250242994
1
18446688823250242995
32
18446688823250242996
16
18446688823250243000
1
18446688823250243001
18
18446688823250243002
5
18446688823250243003
40
18446688823250243004
5
18446688823250243005
19
18446688823250243200
10
18446688823250243201
6
18446688823250243202
55
18446688823250243203
16
18446688823250243204
4
18446688823250243205
36
18446688823250243206
2
18446688823250243207
2
18446688823250243208
1
18446688823250243213
16
18446689647883976745
1
18446689647883976815
1
18446689647883976822
1
18446689652178931121
26
18446689652178931125
5
18446689652178931128
1
18446689652178931129
19
18446689652178931131
6
18446689652178931133
1
18446689652178931135
24
18446689652178931329
49
18446689652178931332
15
18446689652178931333
2
18446689652178931340
1
18446689652178944111
14
18446689656473898413
1
18446689656473898417
17
18446689656473898419
30
18446689656473898420
2
18446689656473898421
4
18446689656473898423
6
18446689656473898424
4
18446689656473898425
51
18446689656473898428
5
18446689656473898431
67
18446689656473898629
4
18446689656473898631
12
18446689656473898633
2
18446689656473898636
9
18446689656473898637
2
18446689656473898638
3
18446689656473911328
185
18446689656473911330
2
18446689656473911340
2
18446689665063833006
1
18446689665063833007
2
18446689665063833009
3
18446689665063833015
23
18446689665063833016
2
18446689665063833017
7
18446689665063833018
6
18446689665063833023
4
18446689665063833219
3
18446689665063833220
33
18446689665063833221
7
18446689665063833223
9
18446689665063833225
1
18446689665063833228
1
18446689665063845934
3
18446689665063845999
8
18446689669358800300
2
18446689669358800301
6
18446689669358800302
10
18446689669358800303
7
18446689669358800305
14
18446689669358800309
21
18446689669358800311
26
18446689669358800313
51
18446689669358800315
5
18446689669358800316
6
18446689669358800319
35
18446689669358800513
53
18446689669358800515
1
18446689669358800517
13
18446689669358800521
6
18446689669358800524
3
18446689669358813216
16
18446689669358813228
1
18446689669358813302
1
18446689673653767603
10
18446689673653767612
18
18446689673653767613
2
18446689673653767808
9
18446689673653767809
35
18446689673653767811
2
18446689673653767812
28
18446689673653767815
19
18446689677948734894
5
18446689677948734897
3
18446689677948734904
2
18446689677948735105
4
18446689677948735109
4
18446689677948735118
2
18446689677948747887
2
18446689682243702191
15
18446689682243702193
3
18446689682243702197
17
18446689682243702201
16
18446689682243702205
10
18446689682243702207
10
18446689682243702414
1
18446689686538669701
6
18446689686538682486
1
18446689690833636796
5
18446689690833636797
17
18446689690833636992
1
18446689690833636995
3
18446689690833636996
6
18446689699423584288
19
18446689703718538674
1
18446689703718538675
1
18446689703718538684
3
18446689703718538685
9
18446689703718538882
4
18446689703718538884
7
18446689703718551584
6
18446689708013505979
7
18446689708013505980
2
18446689708013506176
39
18446689708013506177
1
18446689708013506180
1
18446689708013506183
2
18446689708013518966
1
18446689712308473268
1
18446689712308473271
2
18446689712308473277
17
18446689712308473279
1
18446689712308473473
6
