2397
137438953506
144
137438953511
1
137438953512
613
137438953515
1
137438953517
80
137438953518
1
137438953519
1
137438953520
1
137438953521
815
137438953522
435
137438953523
188
137438953524
136
137438953525
216
137438953526
55
137438953527
51
137438953528
69
137438953529
17
137438953563
47
137438953569
3693
137438953570
573
137438953571
600
137438953572
2619
137438953573
584
137438953574
398
137438953575
1350
137438953576
150
137438953577
2444
137438953578
580
137438953579
2927
137438953580
830
137438953581
1367
137438953582
1440
137438953583
626
137438953584
4166
137438953585
19
137438953586
597
137438953587
2132
137438953588
1449
137438953589
2119
137438953590
2246
137438953591
73
137438953592
1
137438953593
52
137438953594
360
137438953596
2651
141731921812
159
141731921830
1
141733905057
7
141733905060
8
141733905061
1
141733905065
14
141733905077
6
141733905078
4
141733905080
2
141733905082
1
141733905084
19
141733905281
124
141733905291
5
141733905293
38
141733905299
37
141733905313
3
141733905315
11
141733905323
98
141733905335
45
141733905340
20
141733905538
1
141733905542
15
141733905561
2
141733905563
3
141733905569
472
141733905579
4
141733905598
11
141733907884
3
141733907886
3
141733907889
41
141733907890
3
141733907891
11
141733907892
7
141733907893
38
141733907895
1
141733907896
9
141733907897
18
141733907898
22
141733907899
1
141733907900
17
141733907901
25
141733907903
23
141733908096
49
141733908097
3
141733908099
23
141733908100
28
141733908101
13
141733908102
7
141733908103
13
141733908104
4
141733908105
2
146028888096
100
146028888105
244
146028888108
28
146028888110
2
146028888122
9
146028888161
35
146028888162
23
146028888163
3
146028888164
29
146028888165
8
146028888166
22
146028888167
10
146028888168
5
146028888169
9
146028888170
1
146028888171
26
146028888172
12
146028888173
65
146028888174
8
146028888175
19
146028888176
23
146028888178
4
146028888179
31
146028888180
8
146028888181
13
146028888182
19
146028888183
6
146028888186
7
150321856404
2
150323839657
2
150323839674
1
150323839885
2
150323839891
7
150323842495
1
150323842692
1
163208757363
2
167503724576
16
167503724578
1
167503724641
16
167503724645
50
167503724648
1
167503724649
7
167503724655
3
167503724659
1
167503724661
1
171798676137
6
171798678961
1
171798691872
10
171798691874
244
171798691885
3
171798691889
14
171798691890
13
171798691891
12
171798691892
6
171798691893
2
171798691894
4
171798691895
2
171798691896
1
171798691897
1
171798691937
59
171798691938
18
171798691939
9
171798691940
35
171798691941
23
171798691942
6
171798691943
2
171798691944
4
171798691945
53
171798691947
4
171798691948
18
171798691949
18
171798691950
37
171798691951
12
171798691952
25
171798691954
14
171798691955
17
171798691956
11
171798691957
5
171798691958
10
171798691961
2
171798691962
3
176091660180
1
176093643432
10
176093643433
2
176093643452
1
176093643649
2
176093643661
2
176093643937
1
176093646257
1
176093646261
1
176093646266
1
176093646468
4
176093659168
571
176093659170
25
176093659176
1
176093659177
4
176093659180
102
176093659182
2
176093659183
10
176093659186
1
176093659194
1
176093659195
11
176093659233
1
176093659234
4
176093659235
2
176093659236
18
176093659240
1
176093659241
1
176093659244
2
176093659250
1
176093659251
5
176093659252
4
176093659253
2
176093659254
2
184683593760
1
188978561056
2925
188978561058
4
188978561074
1
188978561075
1
188978561077
3
188978561121
2
188978561122
1
188978561124
19
188978561127
1
188978561131
1
188978561132
2
188978561136
1
188978561139
3
188978561140
1
188978561141
1
188978561142
4
193273513121
1
193273515651
1
193273528352
498
193273528364
7
193273528365
336
193273528369
5
193273528417
7
193273528419
2
193273528420
5
193273528421
9
193273528422
16
193273528423
6
193273528424
2
193273528425
14
193273528426
4
193273528427
6
193273528428
11
193273528429
2
193273528430
4
193273528431
7
193273528432
4
193273528433
2
193273528434
10
193273528435
2
193273528436
8
193273528437
4
193273528438
7
193273528439
1
197568479905
1
197568479913
1
197568480161
1
197568480167
1
197568482739
2
197568482944
1
197568495648
1810
197568495650
8
197568495657
47
197568495660
150
197568495661
3
197568495663
53
197568495664
2
197568495665
109
197568495666
120
197568495667
53
197568495668
26
197568495669
19
197568495670
19
197568495671
17
197568495672
5
197568495674
2
197568495713
31
197568495714
7
197568495715
10
197568495716
39
197568495717
17
197568495718
4
197568495719
3
197568495720
7
197568495721
5
197568495723
8
197568495724
1
197568495725
12
197568495726
2
197568495727
2
197568495728
1
197568495730
4
197568495731
10
197568495732
14
197568495733
23
197568495734
14
197568495738
3
201861463956
2
201863447201
1
201863447222
1
201863450037
3
201863450041
3
201863450042
2
201863450044
1
201863450045
2
201863450240
10
201863450244
2
201863450245
4
201863462944
26
201863462952
2
201863462956
1
201863462961
56
201863462962
25
201863462963
23
201863462964
26
201863462965
7
201863462966
5
201863462967
1
201863462969
3
201863463009
34
201863463010
78
201863463011
7
201863463012
21
201863463013
90
201863463014
40
201863463015
6
201863463016
23
201863463017
9
201863463019
15
201863463020
13
201863463021
12
201863463022
4
201863463023
7
201863463024
20
201863463026
5
201863463027
9
201863463028
6
201863463029
4
201863463030
15
201863463033
2
201863463034
2
206158414518
2
206158417338
1
206158417340
1
206158430240
55
206158430249
4
206158430252
3
206158430254
125
206158430255
13
206158430256
236
206158430257
18
206158430258
17
206158430259
19
206158430260
124
206158430261
12
206158430262
14
206158430263
17
206158430264
3
206158430265
2
206158430301
6
210453397536
40
210453397545
6
210453397548
5
210453397549
2
210453397550
572
210453397551
11
210453397552
41
210453397553
36
210453397554
44
210453397555
33
210453397556
25
210453397557
27
210453397558
19
210453397559
19
210453397560
23
210453397561
433
210453397597
15
214748364832
68
214748364841
9
214748364844
9
214748364846
315
214748364847
20
214748364848
262
214748364849
31
214748364850
15
214748364851
48
214748364852
34
214748364853
24
214748364854
8
214748364855
15
214748364856
35
214748364857
16
214748364893
11
219043332128
61
219043332137
6
219043332140
8
219043332142
250
219043332143
10
219043332144
20
219043332145
55
219043332146
11
219043332147
21
219043332148
24
219043332149
18
219043332150
42
219043332151
21
219043332152
25
219043332153
18
219043332189
10
223338299424
80
223338299433
6
223338299436
3
223338299438
307
223338299439
16
223338299440
27
223338299441
10
223338299442
10
223338299443
15
223338299444
15
223338299445
19
223338299446
20
223338299447
10
223338299448
12
223338299449
7
223338299485
10
227633266720
59
227633266729
5
227633266732
3
227633266734
287
227633266735
21
227633266736
13
227633266737
17
227633266738
12
227633266739
11
227633266740
9
227633266741
12
227633266742
13
227633266743
4
227633266744
24
227633266745
8
227633266781
10
231928234016
32
231928234025
6
231928234028
3
231928234030
141
231928234031
12
231928234032
10
231928234033
11
231928234034
6
231928234035
4
231928234036
17
231928234037
4
231928234038
4
231928234039
3
231928234040
25
231928234041
13
231928234077
8
236223201312
13
236223201321
4
236223201324
1
236223201326
126
236223201327
15
236223201328
10
236223201329
19
236223201330
4
236223201331
5
236223201332
1
236223201333
15
236223201334
27
236223201335
21
236223201336
19
236223201337
9
236223201373
6
240518168608
44
240518168617
5
240518168620
5
240518168622
136
240518168623
35
240518168624
36
240518168625
15
240518168626
14
240518168627
19
240518168628
14
240518168629
34
240518168630
13
240518168631
26
240518168632
30
240518168633
20
240518168669
6
244813135904
22
244813135913
5
244813135916
2
244813135917
3
244813135918
80
244813135919
23
244813135920
9
244813135921
14
244813135922
16
244813135923
9
244813135924
59
244813135925
41
244813135926
25
244813135927
75
244813135928
164
244813135929
173
244813135965
6
249108103200
147
249108103202
1
249108103268
1
249108103282
1
253403070496
89
253403070581
16
261993005088
2
390842023985
44
390842023986
20
390842023987
4
390842023988
4
390842023989
4
390842023990
4
390842023991
4
390842023992
4
390842023993
4
399431958560
65
399431958572
13
399431958574
1
399431958645
1
412316860448
6
416611827744
4720
416611827746
52
416611827751
16
416611827753
99
416611827756
412
416611827757
5
416611827758
17
416611827759
44
416611827762
5
416611827770
8
416611827771
17
416611827808
6
416611827809
72
416611827810
237
416611827811
330
416611827812
1519
416611827813
58
416611827814
34
416611827815
244
416611827816
13
416611827817
1547
416611827818
519
416611827819
682
416611827820
2389
416611827821
785
416611827822
2120
416611827823
2
416611827824
1386
416611827825
2
416611827826
2892
416611827827
3675
416611827828
2095
416611827829
740
416611827830
328
416611827831
18
416611827832
20
416611827834
303
420906779303
2
420906779309
1
420906779310
1
420906779313
38
420906779322
9
420906779521
1
420906779531
3
420906779533
8
420906779555
7
420906779559
2
420906779563
3
420906779580
155
420906779778
24
420906779780
5
420906779782
176
420906779801
13
420906779803
2
420906779809
151
420906779834
1
420906779838
155
420906795040
11
420906795042
1
420906795049
59
420906795053
1
420906795054
13
420906795105
1226
420906795106
10
420906795107
4
420906795108
6
420906795109
433
420906795111
4
420906795113
395
420906795114
4
420906795115
26
420906795116
127
420906795118
27
420906795119
140
420906795122
158
420906795123
46
420906795125
614
420906795126
445
420906795129
26
420906795130
2
425201746593
2
425201746601
9
425201746605
1
425201746616
2
425201746620
1
425201746817
432
425201746835
25
425201746859
319
425201747089
1
425201747105
2
425201747115
169
425201762336
151
425201762338
1
425201762345
43
425201762348
2
425201762349
1
425201762350
9
425201762351
1
425201762358
1
425201762401
350
425201762403
23
425201762404
8
425201762405
517
425201762406
1
425201762407
1
425201762408
974
425201762409
1846
425201762410
15
425201762411
53
425201762412
36
425201762413
67
425201762414
40
425201762415
230
425201762416
1
425201762417
1
425201762418
20
425201762419
16
425201762420
201
425201762421
107
425201762422
13
425201762425
14
425201762426
39
429496713897
2
429496713898
1
429496713901
17
429496714113
29
429496714131
52
429496714155
1245
429496714370
2
429496729632
498
429496729634
4
429496729639
53
429496729641
34
429496729644
9
429496729645
7
429496729646
11
429496729647
4
429496729659
3
429496729697
1978
429496729698
9
429496729699
1
429496729700
6
429496729701
1138
429496729703
2
429496729704
29
429496729705
1724
429496729706
9
429496729707
6
429496729708
15
429496729709
62
429496729710
31
429496729711
636
429496729712
7
429496729714
216
429496729715
104
429496729716
6
429496729717
537
429496729718
7
429496729719
13
429496729721
46
429496729722
706
433791681185
1
433791681188
1
433791681193
5
433791681197
2
433791681203
4
433791681212
3
433791681409
157
433791681421
7
433791681427
161
433791681435
4
433791681451
235
433791681670
1
433791681681
1
433791681697
1
433791681707
28
433791681711
10
433791681726
23
433791696928
1815
433791696930
42
433791696936
12
433791696937
69
433791696940
73
433791696941
16
433791696942
5
433791696943
83
433791696946
5
433791696947
2
433791696948
1
433791696949
1
433791696950
1
433791696954
3
433791696955
4
433791696993
92
433791696994
71
433791696995
1732
433791696996
919
433791696997
224
433791696998
45
433791696999
533
433791697000
239
433791697001
973
433791697002
58
433791697003
1358
433791697004
748
433791697005
1181
433791697006
2250
433791697007
64
433791697008
249
433791697009
3
433791697010
2326
433791697011
2252
433791697012
858
433791697013
215
433791697014
195
433791697015
23
433791697016
85
433791697017
13
433791697018
59
438086648479
1
438086648481
3
438086648484
2
438086648485
2
438086648493
1
438086648705
6
438086648715
6
438086648717
17
438086648737
1
438086648739
25
438086648759
6
438086648764
52
438086648766
9
438086648966
73
438086648993
253
438086649020
2
438086649022
37
438086651323
2
438086664224
157
438086664226
1
438086664233
12
438086664289
245
438086664290
1
438086664293
606
438086664294
20
438086664295
8
438086664296
1
438086664297
744
438086664298
1
438086664300
26
438086664301
1
438086664303
125
438086664306
76
438086664307
14
438086664308
52
438086664309
36
438086664313
14
442381615780
5
442381615789
2
442381615798
7
442381615800
4
442381615802
2
442381615804
17
442381616019
1
442381616273
2
442381631520
168
442381631522
5
442381631529
10
442381631532
4
442381631533
2
442381631534
24
442381631535
2
442381631585
1521
442381631586
1
442381631588
85
442381631589
414
442381631590
7
442381631591
6
442381631592
9
442381631593
942
442381631595
14
442381631596
269
442381631597
1
442381631598
81
442381631599
164
442381631600
2
442381631602
216
442381631603
142
442381631604
144
442381631605
417
442381631607
1
442381631609
140
442381631610
7
446676583073
1
446676583076
1
446676583081
20
446676583085
37
446676583091
3
446676583094
2
446676583100
4
446676583297
161
446676583315
1
446676583335
1
446676583356
9
446676583554
1
446676583585
76
446676583595
81
446676598816
115
446676598818
1
446676598825
7
446676598830
15
446676598843
4
446676598881
144
446676598882
13
446676598884
1
446676598885
329
446676598886
1
446676598888
9
446676598889
669
446676598890
2
446676598891
1
446676598892
47
446676598893
2
446676598894
247
446676598895
176
446676598898
25
446676598899
23
446676598900
35
446676598901
69
446676598903
11
446676598905
15
446676598906
2
450971550369
2
450971550372
11
450971550373
1
450971550374
1
450971550377
15
450971550390
17
450971550392
3
450971550396
1
450971550397
2
450971550593
38
450971550611
1
450971566112
2128
450971566114
12
450971566121
64
450971566124
242
450971566125
4
450971566126
15
450971566127
44
450971566138
9
450971566139
4
450971566177
827
450971566178
19
450971566179
813
450971566180
340
450971566181
4875
450971566182
588
450971566183
242
450971566184
22
450971566185
129
450971566186
1743
450971566187
1338
450971566188
915
450971566189
290
450971566190
2550
450971566191
869
450971566192
463
450971566193
80
450971566194
1206
450971566195
2359
450971566196
1512
450971566197
27
450971566198
470
450971566199
11
450971566200
1
450971566202
973
455264534419
1
455266517664
1
455266517665
14
455266517672
3
455266517673
4
455266517674
1
455266517675
38
455266517677
1
455266517683
15
455266517692
1
455266517889
114
455266517899
10
455266517901
9
455266517907
14
455266517913
1
455266517943
80
455266517948
7
455266518148
2
455266518150
118
455266518177
21
455266518195
3
455266518204
1
455266520497
10
455266533408
49
455266533417
4
455266533420
1
455266533422
1
455266533473
1479
455266533476
8
455266533477
83
455266533478
1
455266533481
163
455266533483
9
455266533485
11
455266533486
38
455266533487
295
455266533488
1
455266533491
185
455266533492
1
455266533493
1077
455266533494
7
455266533498
2
459561484964
3
459561484966
1
459561484982
1
459561484986
1
459561485185
810
459561485189
18
459561485203
2
459561485227
1
459561485483
57
459561500704
237
459561500706
20
459561500713
11
459561500716
22
459561500717
2
459561500718
2
459561500719
3
459561500730
1
459561500769
1711
459561500771
36
459561500772
18
459561500773
126
459561500775
1
459561500776
5
459561500777
300
459561500778
1
459561500779
12
459561500780
193
459561500781
52
459561500782
8
459561500783
1364
459561500784
14
459561500786
167
459561500787
407
459561500788
1356
459561500789
1631
459561500790
388
459561500791
6
459561500793
1
463856452257
122
463856452260
13
463856452265
17
463856452278
6
463856452280
2
463856452284
4
463856452285
13
463856452481
1118
463856452485
2
463856452493
1
463856452523
4
463856452540
87
463856452769
254
463856452779
1
463856452787
3
463856455300
1
463856468000
298
463856468002
2
463856468007
32
463856468008
3
463856468009
4
463856468012
8
463856468013
23
463856468014
16
463856468015
1
463856468018
2
463856468019
1
463856468065
1180
463856468066
4
463856468067
11
463856468068
133
463856468069
488
463856468070
6
463856468071
474
463856468072
2
463856468073
1780
463856468074
20
463856468075
44
463856468076
174
463856468077
50
463856468078
78
463856468079
1291
463856468080
131
463856468081
1
463856468082
2
463856468083
920
463856468084
252
463856468085
145
463856468086
38
463856468087
3
463856468089
11
463856468090
10
468151419553
15
468151419556
36
468151419558
14
468151419560
1
468151419561
21
468151419563
2
468151419565
7
468151419571
54
468151419572
29
468151419573
2
468151419574
3
468151419580
1
468151419777
371
468151419781
1
468151419795
64
468151419801
5
468151419819
1012
468151420049
1
468151420065
7
468151420075
37
468151420079
1
468151435296
1152
468151435298
4
468151435302
2
468151435305
11
468151435308
308
468151435309
9
468151435310
18
468151435311
2
468151435322
6
468151435323
8
468151435361
1578
468151435362
114
468151435364
34
468151435365
1322
468151435366
4
468151435367
6
468151435368
1
468151435369
1010
468151435370
14
468151435371
4
468151435372
8
468151435373
123
468151435374
46
468151435375
206
468151435376
200
468151435378
7
468151435379
458
468151435380
60
468151435381
572
468151435382
6
468151435383
1
468151435385
4
472444403604
1
472446386849
5
472446386852
10
472446386857
47
472446386861
1
472446386867
1
472446386870
2
472446386876
1
472446387073
1145
472446387091
305
472446387095
10
472446387099
6
472446387115
83
472446387330
1
472446387345
1
472446387361
18
472446387371
2
472446387377
1
472446402592
1748
472446402594
33
472446402599
1
472446402600
1
472446402601
27
472446402604
14
472446402605
17
472446402606
1
472446402607
18
472446402611
1
472446402613
1
472446402614
2
472446402618
1
472446402619
1
472446402657
1499
472446402658
5
472446402659
190
472446402660
655
472446402661
889
472446402662
107
472446402663
292
472446402664
31
472446402665
2071
472446402666
1
472446402667
412
472446402668
51
472446402669
56
472446402670
62
472446402671
1481
472446402672
19
472446402673
3
472446402674
24
472446402675
432
472446402676
1234
472446402677
526
472446402678
105
472446402679
3
472446402681
38
472446402682
19
476741354145
43
476741354148
14
476741354150
5
476741354151
6
476741354153
40
476741354157
132
476741354163
5
476741354166
2
476741354170
1
476741354173
14
476741354369
920
476741354381
9
476741354387
225
476741354391
12
476741354393
15
476741354395
2
476741354411
96
476741354641
3
476741354657
3
476741354684
50
476741354686
53
476741369888
1581
476741369890
12
476741369897
5
476741369900
51
476741369901
46
476741369903
24
476741369953
11
476741369954
228
476741369955
228
476741369956
427
476741369957
58
476741369958
751
476741369959
537
476741369960
10
476741369961
27
476741369962
296
476741369963
441
476741369964
1145
476741369965
963
476741369966
1096
476741369967
77
476741369968
369
476741369969
1
476741369970
834
476741369971
825
476741369972
710
476741369973
117
476741369974
257
476741369975
35
476741369976
2
476741369977
21
476741369978
160
481036321677
2
481036321697
21
481036321699
178
481036321719
8
481036321922
9
481036321924
8
481036321926
52
481036321945
2
481036321953
612
481036321980
6
481036321982
2
481036324271
3
481036324274
1
481036324275
25
481036324276
6
481036324280
1
481036324282
2
481036324283
28
481036324284
7
481036324480
3
481036324481
1
481036324482
3
481036324485
8
481036324487
3
481036324488
1
481036337184
61
481036337198
25
481036337199
5
481036337249
1639
481036337250
1
481036337251
2
481036337252
14
481036337253
888
481036337254
23
481036337255
32
481036337256
32
481036337257
1034
481036337258
12
481036337259
7
481036337260
784
481036337261
507
481036337262
54
481036337263
428
481036337264
51
481036337266
1414
481036337267
219
481036337268
105
481036337269
413
481036337270
14
481036337274
1
485331288740
6
485331288742
2
485331288745
40
485331288749
2
485331288755
1
485331288756
4
485331288757
1
485331288762
2
485331288961
307
485331288979
267
485331288995
3
485331289003
28
485331289020
2
485331289218
1
485331289241
1
485331289249
31
485331304480
1
485331304489
2
485331304545
1
485331304565
133
485331304567
1
489626271776
1597
489626271778
52
489626271784
16
489626271785
22
489626271788
20
489626271789
14
489626271790
27
489626271791
24
489626271794
1
489626271841
1668
489626271842
519
489626271843
286
489626271844
167
489626271845
1098
489626271846
4
489626271847
354
489626271848
243
489626271849
1347
489626271850
11
489626271851
134
489626271852
85
489626271853
397
489626271854
100
489626271855
1581
489626271856
144
489626271857
24
489626271858
77
489626271859
1026
489626271860
687
489626271861
627
489626271862
74
489626271863
14
489626271865
114
489626271866
102
493921223329
12
493921223332
5
493921223333
2
493921223337
15
493921223338
1
493921223341
5
493921223347
3
493921223350
4
493921223352
1
493921223354
1
493921223356
17
493921223553
394
493921223571
331
493921223577
1
493921223585
12
493921223587
27
493921223595
362
493921223607
14
493921223814
1
493921223841
38
493921223851
150
493921223855
1
493921223870
1
493921239072
7075
493921239074
52
493921239081
42
493921239084
601
493921239085
18
493921239086
35
493921239087
31
493921239093
1
493921239094
1
493921239098
105
493921239099
13
493921239137
1137
493921239138
28
493921239139
313
493921239140
12
493921239141
614
493921239142
9
493921239143
9
493921239144
39
493921239145
1351
493921239146
23
493921239147
1116
493921239148
244
493921239149
321
493921239150
317
493921239151
465
493921239152
623
493921239154
9
493921239155
172
493921239156
3246
493921239157
216
493921239158
71
493921239159
8
493921239161
77
493921239162
116
498216190625
1
498216190627
1
498216190628
4
498216190633
6
498216190637
2
498216190648
2
498216190652
3
498216190849
277
498216190867
34
498216190891
212
498216191106
1
498216191147
15
498216206368
921
498216206370
28
498216206376
20
498216206377
29
498216206380
65
498216206381
9
498216206382
11
498216206383
22
498216206386
1
498216206387
1
498216206388
4
498216206389
1
498216206390
1
498216206394
1
498216206395
10
498216206433
2035
498216206434
175
498216206435
9
498216206436
12
498216206437
2435
498216206438
11
498216206439
28
498216206440
170
498216206441
2371
498216206442
13
498216206443
46
498216206444
39
498216206445
17
498216206446
171
498216206447
1222
498216206448
27
498216206450
833
498216206451
879
498216206452
504
498216206453
1407
498216206454
185
498216206455
22
498216206457
83
498216206458
146
502511157920
44
502511157921
14
502511157924
23
502511157925
4
502511157926
1
502511157928
3
502511157929
77
502511157933
13
502511157939
4
502511157942
1
502511157946
12
502511157947
7
502511157948
4
502511158145
1383
502511158149
15
502511158163
265
502511158187
805
502511158204
15
502511158406
10
502511158425
6
502511158433
16
502511158443
218
502511158447
2
502511160751
1
502511173664
3038
502511173666
6
502511173673
21
502511173676
433
502511173677
2
502511173678
34
502511173679
7
502511173683
1
502511173691
12
502511173729
22
502511173730
113
502511173731
75
502511173732
267
502511173733
105
502511173734
9
502511173735
131
502511173736
8
502511173737
64
502511173738
33
502511173739
342
502511173740
245
502511173741
1540
502511173742
2175
502511173743
54
502511173744
79
502511173746
1318
502511173747
882
502511173748
291
502511173749
21
502511173750
74
502511173751
12
502511173752
37
502511173754
604
506804141971
1
506806125223
1
506806125225
4
506806125229
1
506806125233
3
506806125441
9
506806125453
6
506806125473
1
506806125475
49
506806125500
5
506806125698
9
506806125729
138
506806125758
6
506806140960
219
506806140962
2
506806140969
5
506806140972
2
506806140974
14
506806140986
1
506806141025
2045
506806141026
8
506806141028
7
506806141029
1189
506806141033
1057
506806141034
10
506806141035
2
506806141036
13
506806141037
6
506806141038
86
506806141039
186
506806141040
2
506806141041
2
506806141042
9
506806141043
21
506806141044
4
506806141045
125
506806141046
4
506806141049
41
511101092513
12
511101092516
4
511101092517
11
511101092518
1
511101092521
14
511101092525
16
511101092541
6
511101092737
216
511101092755
176
511101092763
10
511101092779
32
511101093025
10
511101095345
4
511101095348
1
511101095349
4
511101095353
2
511101095556
5
511101095561
1
511101108256
26
511101108258
6
511101108269
1
511101108270
3
511101108271
3
511101108321
48
511101108325
62
511101108328
3
511101108329
43
511101108331
6
511101108332
1
511101108333
1
511101108334
13
511101108335
10
511101108338
11
511101108339
3
511101108340
1
511101108343
1
511101108345
33
515396060290
4
515396075552
36
515396075561
2
515396075565
1
515396075567
1
515396075617
47
515396075619
1
515396075621
36
515396075625
16
515396075627
3
515396075632
3
519691027113
1
519691042848
211
519691042850
13
519691042857
14
519691042860
18
519691042867
2
519691042875
9
519691042913
60
519691042914
2
519691042915
69
519691042916
39
519691042917
10
519691042919
29
519691042920
2
519691042921
7
519691042922
2
519691042923
14
519691042924
26
519691042925
17
519691042926
84
519691042927
3
519691042928
16
519691042930
23
519691042931
71
519691042932
44
519691042934
1
519691042935
1
519691042938
3
523985994401
6
523985994413
6
523985994419
7
523985994422
2
523985994913
2
523985994940
9
523986010144
699
523986010146
1
523986010153
1
523986010156
8
523986010158
4
523986010209
170
523986010210
8
523986010211
45
523986010212
66
523986010213
204
523986010215
203
523986010216
1
523986010217
499
523986010218
8
523986010219
33
523986010220
5
523986010221
30
523986010222
64
523986010223
152
523986010224
27
523986010226
26
523986010227
332
523986010228
53
523986010229
24
523986010230
77
523986010231
2
523986010233
13
523986010234
5
528280961697
49
528280961709
2
528280961724
3
528280961921
101
528280961925
3
528280961939
227
528280961963
372
528280962182
148
528280962193
2
528280962201
4
532575944736
2651
18438158618768441447
1
18438158618768441462
1
18438158623063408672
159
18438158623063408684
1
18438158623063408745
3
18438158623063408747
1
18438158623063408748
3
18438158700372820000
1
18446676586888429600
2
18446676586888429667
1
18446676586888429676
1
18446676591183396896
45
18446676595478364192
144
18446676595478364201
7
18446676595478364259
9
18446676595478364260
4
18446676595478364263
39
18446676595478364266
2
18446676595478364267
1
18446676595478364268
15
18446676595478364269
2
18446676595478364270
14
18446676595478364272
8
18446676595478364274
24
18446676595478364275
11
18446676595478364276
18
18446676595478364278
4
18446676595478364282
2
18446676599773316232
1
18446676599773316249
4
18446676599773316286
2
18446676604068298863
4
18446676608363266093
1
18446676608363266095
1
18446676608363266146
3
18446676608363266148
4
18446676608363266150
1
18446676608363266151
2
18446676608363266153
2
18446676608363266155
31
18446676608363266156
10
18446676608363266157
3
18446676608363266158
16
18446676608363266162
40
18446676608363266163
5
18446676608363266164
24
18446676608363266169
1
18446676612658217631
2
18446676612658217636
13
18446676612658233442
1
18446676612658233444
2
18446676612658233445
4
18446676612658233452
1
18446676612658233458
12
18446676612658233461
1
18446676616953200740
2
18446676616953200743
14
18446676616953200747
1
18446676616953200748
1
18446676616953200749
1
18446676616953200750
1
18446676616953200754
2
18446676616953200755
2
18446676616953200758
1
18446676621248168033
6
18446676625543119523
3
18446676625543135346
16
18446676625543135347
1
18446676629838102560
53
18446676629838102562
1
18446676629838102568
2
18446676629838102625
9
18446676629838102627
41
18446676629838102628
60
18446676629838102629
2
18446676629838102631
7
18446676629838102632
10
18446676629838102635
17
18446676629838102636
8
18446676629838102637
8
18446676629838102638
16
18446676629838102639
3
18446676629838102640
6
18446676629838102642
37
18446676629838102643
49
18446676629838102644
31
18446676629838102646
1
18446676629838102650
1
18446676634133054121
2
18446676634133069934
1
18446676634133069940
1
18446676634133069941
1
18446676638428037167
38
18446676638428037235
2
18446676647017971744
116
18446676647017971746
7
18446676647017971753
1
18446676647017971756
2
18446676647017971809
44
18446676647017971811
7
18446676647017971812
2
18446676647017971814
1
18446676647017971816
2
18446676647017971819
13
18446676647017971820
1
18446676647017971821
12
18446676647017971822
20
18446676647017971826
1
18446676647017971827
4
18446676647017971828
20
18446676647017971830
2
18446676647017971834
4
18446676651312939124
1
18446676664197840993
41
18446676672787775520
4
18446676672787775588
1
18446676672787775591
56
18446676672787775596
2
18446676672787775597
1
18446676672787775598
11
18446676672787775600
2
18446676672787775602
3
18446676672787775603
3
18446676672787775607
13
18446676672787775610
3
18446676677082742893
29
18446676677082742898
4
18446676681377710180
1
18446676681377710181
1
18446676681377710188
1
18446676681377710192
6
18446676685672677408
2
18446676685672677423
1
18446676685672677478
1
18446676685672677479
13
18446676685672677480
2
18446676685672677483
1
18446676685672677485
1
18446676685672677486
4
18446676685672677488
1
18446676685672677490
15
18446676685672677491
40
18446676685672677492
7
18446676685672677494
3
18446676694262612066
1
18446676694262612068
1
18446676694262612071
2
18446676694262612074
4
18446676694262612076
1
18446676694262612078
2
18446676694262612082
5
18446676702852546658
2
18446676702852546660
9
18446676702852546674
14
18446676702852546675
1
18446676702852546676
1
18446676702852546682
3
18446676707147513970
7
18446676711442481250
13
18446676711442481252
1
18446676711442481254
16
18446676711442481255
7
18446676711442481256
1
18446676711442481260
15
18446676711442481262
7
18446676711442481266
16
18446676711442481267
2
18446676711442481274
1
18446676715737432735
1
18446676715737448480
22
18446676715737448547
10
18446676715737448564
3
18446677557551038496
2030
18446677557551038505
8
18446677557551038508
215
18446677557551038510
20
18446677557551038522
1
18446677557551038523
7
18446677557551038561
8
18446677557551038562
37
18446677557551038563
1081
18446677557551038564
612
18446677557551038566
3
18446677557551038567
12
18446677557551038569
16
18446677557551038570
204
18446677557551038571
344
18446677557551038572
597
18446677557551038573
481
18446677557551038574
91
18446677557551038576
49
18446677557551038578
787
18446677557551038579
848
18446677557551038580
644
18446677557551038582
56
18446677557551038586
4
18446677561845990307
1
18446677561845990332
23
18446677561845990534
3
18446677561845990561
156
18446677561845990590
38
18446677574730907680
28
18446677574730907692
2
18446677574730907747
5
18446677574730907748
1
18446677574730907760
2
18446677574730907763
1
18446677600500711456
1
18446677600500711525
5
18446677600500711529
11
18446677600500711530
7
18446677604795663243
2
18446677609090646113
2
18446677609090646117
106
18446677609090646121
2
18446677609090646122
1
18446677609090646126
15
18446677609090646133
20
18446677613385597613
2
18446677634860449824
104
18446677634860449833
2
18446677634860449836
62
18446677634860449838
3
18446677634860449851
1
18446677634860449890
5
18446677634860449891
92
18446677634860449892
36
18446677634860449895
4
18446677634860449898
540
18446677634860449899
73
18446677634860449900
45
18446677634860449901
279
18446677634860449902
62
18446677634860449906
251
18446677634860449907
47
18446677634860449908
621
18446677634860449914
7
18446677639155401635
2
18446677639155401655
4
18446677639155401660
16
18446677639155401889
120
18446677652040319008
6
18446677652040319082
10
18446677652040319091
6
18446677660630253600
14
18446677660630253667
1
18446677660630253671
6
18446677660630253684
1
18446677669220188194
2
18446677669220188260
7
18446677669220188268
3
18446677669220188270
2
18446677669220188274
3
18446677669220188276
4
18446677673515140249
1
18446677694989991968
1
18446677694989992037
4
18446677694989992041
34
18446677703579926625
12
18446677703579926629
6
18446677703579926633
264
18446677703579926645
17
18446677707874878355
4
18446677707874878379
2
18446677720759795809
3
18446677720759795826
1
18446677725054747559
1
18446677737939664928
215
18446677737939664930
1
18446677737939664940
43
18446677737939664942
13
18446677737939664954
2
18446677737939664955
1
18446677737939664994
2348
18446677737939664995
31
18446677737939664996
147
18446677737939664999
507
18446677737939665002
227
18446677737939665003
43
18446677737939665004
3
18446677737939665005
173
18446677737939665006
136
18446677737939665008
65
18446677737939665010
50
18446677737939665011
259
18446677737939665012
480
18446677737939665014
270
18446677737939665018
8
18446677742234616717
4
18446677742234616764
3
18446677742234616993
90
18446677789479272545
18
18446677789479272549
6
18446677789479272553
214
18446677789479272559
1
18446677789479272565
8
18446677793774224257
5
18446677793774224275
2
18446677793774224299
36
18446677810954108960
7
18446677810954108972
4
18446677810954109025
149
18446677810954109033
18
18446677810954109034
2
18446677810954109035
1
18446677810954109036
13
18446677810954109039
25
18446677810954109045
104
18446677810954109046
1
18446677815249060737
36
18446677815249060755
13
18446677815249060791
1
18446677815249060796
3
18446677815249061035
2
18446677819544043552
1
18446677819544043635
8
18446678661357633568
21
18446678661357633633
9
18446678661357633635
2
18446678661357633637
5
18446678661357633647
9
18446678661357633653
5
18446678665652585139
2
18446678669947568162
1
18446678669947568227
5
18446678669947568243
9
18446678678537502817
54
18446678678537502821
119
18446678678537502825
48
18446678678537502827
1
18446678678537502831
42
18446678678537502832
1
18446678678537502834
1
18446678678537502835
2
18446678678537502837
55
18446678682832454529
98
18446678682832454547
160
18446678682832454817
19
18446678687127437427
1
18446678725782143008
4
18446678725782143021
1
18446678725782143079
2
18446678725782143081
2
18446678725782143090
1
18446678725782143098
1
18446678760141881376
2
18446678760141881378
1
18446678760141881388
2
18446678760141881445
4
18446678760141881454
3
18446678760141881455
3
18446678760141881459
12
18446678764436832941
6
18446678768731816035
2
18446678768731816044
1
18446678768731816050
2
18446678794501619744
76
18446678794501619756
2
18446678794501619809
1115
18446678794501619811
5
18446678794501619812
3
18446678794501619813
25
18446678794501619817
280
18446678794501619819
56
18446678794501619820
4
18446678794501619821
30
18446678794501619822
26
18446678794501619823
139
18446678794501619824
32
18446678794501619826
2
18446678794501619827
21
18446678794501619828
13
18446678794501619829
146
18446678794501619834
2
18446678798796571309
2
18446678798796571521
223
18446678798796571533
2
18446678798796571539
24
18446678798796571563
183
18446678798796571575
132
18446678798796571580
1
18446678798796571782
1
18446678798796571809
2
18446678798796571819
3
18446678837451292704
1
18446678837451292771
5
18446678837451292772
13
18446678837451292775
3
18446678837451292779
35
18446678837451292780
5
18446678837451292782
15
18446678837451292784
127
18446678837451292786
270
18446678837451292787
8
18446678837451292788
216
18446678837451292790
62
18446678837451292794
1
18446678841746244493
2
18446678841746244769
10
18446678841746244798
1
18446678854631161888
1
18446678854631161890
2
18446678854631161965
1
18446678854631161971
10
18446678863221096566
1
18446678871811031072
6
18446678901875802222
1
18446678910465736809
1
18446678910465736810
1
18446678910465736814
6
18446678910465736819
8
18446678910465736821
1
18446678910465736825
51
18446678919055671342
1
18446678919055671393
25
18446678919055671397
50
18446678919055671401
27
18446678919055671403
1
18446678919055671406
3
18446678919055671407
127
18446678919055671411
1
18446678919055671413
42
18446678919055671417
10
18446678919055671418
1
18446678923350623105
28
18446678923350623123
3
18446678923350623139
2
18446678923350623147
1
18446678923350623403
7
18446688737350909984
4
18446688741645864372
2
18446688741645864578
39
18446688741645864579
4
18446688741645864580
9
18446688745940831665
1
18446688745940831674
1
18446688745940831675
2
18446688745940831677
2
18446688745940831872
1
18446688745940831873
4
18446688745940844576
66
18446688745940844589
1
18446688750235798972
11
18446688750235799169
2
18446688750235799170
44
18446688750235799172
1
18446688750235811872
1
18446688750235811951
5
18446688754530766257
73
18446688754530766260
3
18446688754530766266
6
18446688754530766271
20
18446688754530766464
3
18446688754530766468
6
18446688754530766473
3
18446688758825746464
67
18446688758825746477
1
18446688758825746479
1
18446688758825746482
1
18446688758825746550
5
18446688763120700847
7
18446688763120700850
1
18446688763120700851
7
18446688763120700852
3
18446688763120700856
9
18446688763120700857
40
18446688763120700858
15
18446688763120700859
7
18446688763120700860
5
18446688763120700861
17
18446688763120700862
1
18446688763120701056
6
18446688763120701057
20
18446688763120701058
30
18446688763120701059
10
18446688763120701060
69
18446688763120701061
4
18446688763120701062
7
18446688767415668145
3
18446688767415668149
2
18446688767415668153
4
18446688767415668159
7
18446688767415681135
1
18446688767415681142
2
18446688771710635437
1
18446688771710635439
49
18446688771710635441
4
18446688771710635443
12
18446688771710635445
28
18446688771710635447
1
18446688771710635449
23
18446688771710635450
2
18446688771710635453
4
18446688771710635455
3
18446688771710635649
8
18446688771710635653
2
18446688771710648431
6
18446688776005602735
4
18446688776005602737
1
18446688776005602741
13
18446688776005602743
1
18446688776005602745
24
18446688776005602751
13
18446688776005602945
5
18446688776005602953
2
18446688776005615648
3
18446688776005615657
2
18446688776005615662
3
18446688776005615734
2
18446688780300570031
22
18446688780300570034
2
18446688780300570035
9
18446688780300570036
2
18446688780300570037
4
18446688780300570040
5
18446688780300570041
31
18446688780300570042
9
18446688780300570043
43
18446688780300570044
1
18446688780300570045
8
18446688780300570240
14
18446688780300570241
10
18446688780300570243
3
18446688780300570244
3
18446688780300570245
35
18446688780300570246
2
18446688780300570247
11
18446688780300570253
1
18446688784595550240
10
18446688784595550326
2
18446688788890504627
1
18446688788890504635
10
18446688788890504636
4
18446688788890504637
12
18446688788890504833
2
18446688788890504834
14
18446688788890504835
11
18446688788890504836
17
18446688788890504839
3
18446688788890517545
1
18446688788890517615
7
18446688793185471921
2
18446688793185471925
5
18446688793185471927
4
18446688793185471933
5
18446688793185471935
4
18446688793185472129
3
18446688793185472142
3
18446688793185484832
17
18446688793185484846
3
18446688793185484911
13
18446688793185484918
5
18446688797480439212
4
18446688797480439217
43
18446688797480439220
24
18446688797480439221
5
18446688797480439223
7
18446688797480439226
135
18446688797480439228
5
18446688797480439229
7
18446688797480439231
24
18446688797480439424
1
18446688797480439425
17
18446688797480439427
25
18446688797480439428
6
18446688797480439433
1
18446688797480439438
3
18446688797480452207
1
18446688801775406508
4
18446688801775406510
93
18446688801775406513
22
18446688801775406516
1
18446688801775406517
6
18446688801775406519
8
18446688801775406527
14
18446688801775406720
4
18446688801775406721
4
18446688801775406724
12
18446688801775406732
30
18446688801775406733
39
18446688801775406734
7
18446688801775419503
28
18446688806070373804
40
18446688806070373806
7
18446688806070373807
1
18446688806070373809
4
18446688806070373813
14
18446688806070373815
2
18446688806070373817
7
18446688806070373819
42
18446688806070373820
3
18446688806070373823
35
18446688806070374021
2
18446688806070374022
2
18446688806070374025
4
18446688806070374030
2
18446688806070386799
2
18446688810365341100
5
18446688810365341101
3
18446688810365341102
6
18446688810365341103
4
18446688810365341105
46
18446688810365341106
7
18446688810365341109
5
18446688810365341111
4
18446688810365341113
6
18446688810365341116
3
18446688810365341119
5
18446688810365341312
1
18446688810365341317
1
18446688810365341321
2
18446688810365341326
2
18446688810365354016
37
18446688810365354030
1
18446688810365354031
1
18446688810365354095
6
18446688814660308399
3
18446688814660308401
10
18446688814660308404
1
18446688814660308405
13
18446688814660308407
1
18446688814660308409
24
18446688814660308415
34
18446688814660308612
12
18446688814660308617
9
18446688814660308622
5
18446688818955275705
1
18446688818955288608
34
18446688818955288621
2
18446688823250242991
2
18446688823250242993
1
18446688823250242994
1
18446688823250242995
32
18446688823250242996
16
18446688823250243000
1
18446688823250243001
18
18446688823250243002
5
18446688823250243003
40
18446688823250243004
5
18446688823250243005
19
18446688823250243200
10
18446688823250243201
6
18446688823250243202
55
18446688823250243203
16
18446688823250243204
4
18446688823250243205
36
18446688823250243206
2
18446688823250243207
2
18446688823250243208
1
18446688823250243213
16
18446689647883976745
1
18446689647883976815
1
18446689647883976822
1
18446689652178931121
26
18446689652178931125
5
18446689652178931128
1
18446689652178931129
19
18446689652178931131
6
18446689652178931133
1
18446689652178931135
24
18446689652178931329
49
18446689652178931332
15
18446689652178931333
2
18446689652178931340
1
18446689652178944111
14
18446689656473898413
1
18446689656473898417
17
18446689656473898419
30
18446689656473898420
2
18446689656473898421
4
18446689656473898423
6
18446689656473898424
4
18446689656473898425
51
18446689656473898428
5
18446689656473898431
67
18446689656473898629
4
18446689656473898631
12
18446689656473898633
2
18446689656473898636
9
18446689656473898637
2
18446689656473898638
3
18446689656473911328
185
18446689656473911330
2
18446689656473911340
2
18446689665063833006
1
18446689665063833007
2
18446689665063833009
3
18446689665063833015
23
18446689665063833016
2
18446689665063833017
7
18446689665063833018
6
18446689665063833023
4
18446689665063833219
3
18446689665063833220
33
18446689665063833221
7
18446689665063833223
9
18446689665063833225
1
18446689665063833228
1
18446689665063845934
3
18446689665063845999
8
18446689669358800300
2
18446689669358800301
6
18446689669358800302
10
18446689669358800303
7
18446689669358800305
14
18446689669358800309
21
18446689669358800311
26
18446689669358800313
51
18446689669358800315
5
18446689669358800316
6
18446689669358800319
35
18446689669358800513
53
18446689669358800515
1
18446689669358800517
13
18446689669358800521
6
18446689669358800524
3
18446689669358813216
16
18446689669358813228
1
18446689669358813302
1
18446689673653767603
10
18446689673653767612
18
18446689673653767613
2
18446689673653767808
9
18446689673653767809
35
18446689673653767811
2
18446689673653767812
28
18446689673653767815
19
18446689677948734894
5
18446689677948734897
3
18446689677948734904
2
18446689677948735105
4
18446689677948735109
4
18446689677948735118
2
18446689677948747887
2
18446689682243702191
15
18446689682243702193
3
18446689682243702197
17
18446689682243702201
16
18446689682243702205
10
18446689682243702207
10
18446689682243702414
1
18446689686538669701
6
18446689686538682486
1
18446689690833636796
5
18446689690833636797
17
18446689690833636992
1
18446689690833636995
3
18446689690833636996
6
18446689699423584288
19
18446689703718538674
1
18446689703718538675
1
18446689703718538684
3
18446689703718538685
9
18446689703718538882
4
18446689703718538884
7
18446689703718551584
6
18446689708013505979
7
18446689708013505980
2
18446689708013506176
39
18446689708013506177
1
18446689708013506180
1
18446689708013506183
2
18446689708013518966
1
18446689712308473268
1
18446689712308473271
2
18446689712308473277
17
18446689712308473279
1
18446689712308473473
6
