2406
137438953506
58
137438953511
3
137438953512
634
137438953515
1
137438953517
34
137438953519
1
137438953520
1
137438953521
673
137438953522
394
137438953523
174
137438953524
125
137438953525
213
137438953526
56
137438953527
50
137438953528
51
137438953529
16
137438953530
1
137438953531
1
137438953563
48
137438953569
1316
137438953570
1163
137438953571
370
137438953572
1751
137438953573
945
137438953574
1962
137438953575
1412
137438953576
429
137438953577
2559
137438953578
1960
137438953579
1636
137438953580
3314
137438953581
3324
137438953582
340
137438953583
675
137438953584
1984
137438953585
155
137438953586
743
137438953587
2346
137438953588
5876
137438953589
1579
137438953590
484
137438953591
170
137438953592
174
137438953593
52
137438953594
93
137438953596
2652
141731921812
52
141733905057
7
141733905060
8
141733905061
1
141733905065
14
141733905077
6
141733905078
4
141733905080
2
141733905082
1
141733905084
19
141733905281
6
141733905291
202
141733905293
6
141733905313
270
141733905315
2
141733905319
106
141733905335
6
141733905538
2
141733905561
2
141733905563
3
141733905569
37
141733905596
41
141733905598
2
141733907884
3
141733907886
3
141733907889
41
141733907890
3
141733907891
11
141733907892
7
141733907893
38
141733907895
1
141733907896
9
141733907897
18
141733907898
22
141733907899
1
141733907900
17
141733907901
25
141733907903
23
141733908096
49
141733908097
3
141733908099
23
141733908100
27
141733908101
13
141733908102
7
141733908103
13
141733908104
4
141733908105
2
146028888096
40
146028888105
12
146028888108
6
146028888110
1
146028888122
8
146028888161
2
146028888162
4
146028888163
1
146028888164
16
146028888165
2
146028888166
2
146028888169
3
146028888171
1
146028888172
8
146028888173
11
146028888176
9
146028888178
1
146028888179
9
146028888180
1
146028888181
3
146028888182
2
150321856404
2
150323839657
1
163208757363
2
167503724576
3082
167503724588
3
167503724594
1
167503724602
4
167503724641
24
167503724642
3
167503724643
1
167503724644
68
167503724645
104
167503724646
8
167503724647
25
167503724648
3
167503724649
23
167503724650
3
167503724651
45
167503724652
20
167503724653
48
167503724654
1
167503724655
6
167503724656
8
167503724657
9
167503724658
7
167503724659
46
167503724660
32
167503724661
11
167503724663
5
167503724664
4
171798676137
6
171798676363
8
171798676385
3
171798676391
1
171798676610
1
171798678961
1
171798691874
8
171798691880
1
171798691885
4
171798691889
37
171798691890
40
171798691891
24
171798691892
9
171798691893
1
171798691894
4
171798691895
1
171798691896
1
171798691897
1
171798691937
119
171798691938
100
171798691939
3
171798691940
73
171798691941
57
171798691942
25
171798691943
19
171798691944
14
171798691945
102
171798691946
3
171798691947
25
171798691948
16
171798691949
73
171798691950
17
171798691951
18
171798691952
33
171798691953
1
171798691954
17
171798691955
45
171798691956
31
171798691957
11
171798691958
18
171798691959
4
171798691960
1
171798691961
2
171798691962
6
176093643432
10
176093643433
2
176093643450
1
176093643452
2
176093643659
41
176093643681
11
176093643687
6
176093646257
1
176093646261
1
176093646266
1
176093646271
1
176093646468
5
176093659168
578
176093659176
10
176093659177
26
176093659180
124
176093659182
9
176093659183
10
176093659186
1
176093659194
3
176093659195
23
176093659229
2
176093659233
1
176093659234
2
176093659235
1
176093659236
4
176093659240
1
176093659241
16
176093659244
3
176093659252
4
176093659253
1
176093659254
2
180388610955
2
184683593760
1
188978561056
2055
188978561074
1
188978561075
1
188978561124
5
188978561126
3
188978561129
7
188978561131
1
188978561132
7
188978561135
1
193273512843
1
193273515651
1
193273528352
548
193273528354
5
193273528364
8
193273528365
336
193273528369
122
193273528370
14
193273528371
4
193273528372
2
193273528373
1
193273528375
1
193273528376
1
193273528417
892
193273528418
138
193273528419
9
193273528420
452
193273528421
206
193273528422
267
193273528423
139
193273528424
3
193273528425
863
193273528426
6
193273528427
549
193273528428
123
193273528429
156
193273528430
47
193273528431
120
193273528432
621
193273528433
108
193273528434
236
193273528435
331
193273528436
602
193273528437
92
193273528438
44
193273528439
9
193273528440
50
193273528442
4
197568479905
1
197568479913
1
197568480139
76
197568480141
1
197568480161
40
197568480167
99
197568480444
19
197568482739
2
197568482944
1
197568495648
522
197568495650
8
197568495657
33
197568495660
1
197568495661
5
197568495665
104
197568495666
120
197568495667
54
197568495668
26
197568495669
19
197568495670
19
197568495671
18
197568495672
3
197568495673
2
197568495674
2
197568495713
31
197568495714
7
197568495715
10
197568495716
39
197568495717
19
197568495718
4
197568495719
3
197568495720
7
197568495721
5
197568495723
8
197568495724
1
197568495725
11
197568495726
2
197568495727
2
197568495728
1
197568495730
4
197568495731
9
197568495732
13
197568495733
23
197568495734
14
197568495738
3
201863447201
1
201863447222
1
201863450037
3
201863450041
3
201863450042
2
201863450044
1
201863450045
2
201863450240
10
201863450244
2
201863450245
4
201863462944
26
201863462961
56
201863462962
25
201863462963
23
201863462964
26
201863462965
7
201863462966
5
201863462967
1
201863462969
2
201863463009
32
201863463010
79
201863463011
3
201863463012
21
201863463013
11
201863463014
42
201863463015
6
201863463016
23
201863463017
17
201863463018
9
201863463019
92
201863463020
13
201863463021
13
201863463022
4
201863463023
7
201863463024
16
201863463026
5
201863463027
9
201863463028
7
201863463029
4
201863463030
6
201863463033
2
201863463034
2
206158414518
2
206158417338
1
206158417340
1
206158430240
133
206158430248
6
206158430249
9
206158430252
17
206158430254
6
206158430255
13
206158430256
237
206158430257
18
206158430258
17
206158430259
17
206158430260
126
206158430261
10
206158430262
14
206158430263
17
206158430264
3
206158430265
2
206158430267
2
206158430301
6
206158430305
1
206158430306
1
210453397536
302
210453397544
7
210453397545
33
210453397548
45
210453397549
1
210453397550
200
210453397551
12
210453397552
36
210453397553
34
210453397554
36
210453397555
32
210453397556
20
210453397557
25
210453397558
18
210453397559
18
210453397560
22
210453397561
431
210453397562
2
210453397597
15
210453397620
1
214748364832
67
214748364840
5
214748364841
36
214748364844
63
214748364845
15
214748364846
162
214748364847
20
214748364848
263
214748364849
29
214748364850
14
214748364851
47
214748364852
35
214748364853
23
214748364854
7
214748364855
14
214748364856
34
214748364857
16
214748364858
1
214748364859
1
214748364893
11
219043332128
102
219043332136
9
219043332137
19
219043332140
30
219043332141
10
219043332142
115
219043332143
12
219043332144
19
219043332145
51
219043332146
10
219043332147
19
219043332148
24
219043332149
18
219043332150
41
219043332151
20
219043332152
24
219043332153
17
219043332154
2
219043332189
10
219043332201
1
223338299424
230
223338299432
7
223338299433
12
223338299436
40
223338299437
3
223338299438
65
223338299439
18
223338299440
26
223338299441
9
223338299442
9
223338299443
13
223338299444
12
223338299445
18
223338299446
18
223338299447
10
223338299448
13
223338299449
6
223338299450
3
223338299485
10
227633266720
66
227633266728
10
227633266729
9
227633266732
27
227633266733
8
227633266734
204
227633266735
21
227633266736
12
227633266737
16
227633266738
11
227633266739
10
227633266740
7
227633266741
12
227633266742
11
227633266743
3
227633266744
23
227633266745
8
227633266781
10
231928234016
71
231928234024
4
231928234025
12
231928234028
17
231928234029
2
231928234030
45
231928234031
22
231928234032
9
231928234033
10
231928234034
5
231928234035
3
231928234036
16
231928234037
3
231928234038
4
231928234039
3
231928234040
25
231928234041
13
231928234042
1
231928234043
1
231928234077
8
236223201312
52
236223201320
8
236223201321
6
236223201324
19
236223201326
30
236223201327
30
236223201328
10
236223201329
17
236223201330
4
236223201331
5
236223201332
1
236223201333
15
236223201334
27
236223201335
21
236223201336
19
236223201337
10
236223201373
6
240518168608
76
240518168616
18
240518168617
6
240518168620
28
240518168621
8
240518168622
11
240518168623
52
240518168624
36
240518168625
13
240518168626
12
240518168627
16
240518168628
12
240518168629
31
240518168630
15
240518168631
26
240518168632
29
240518168633
21
240518168669
6
244813135904
72
244813135912
2
244813135913
6
244813135916
10
244813135917
4
244813135918
5
244813135919
28
244813135920
9
244813135921
14
244813135922
15
244813135923
9
244813135924
58
244813135925
42
244813135926
25
244813135927
76
244813135928
162
244813135929
171
244813135965
6
249108103200
148
249108103268
1
249108103273
1
249108103286
1
253403070496
84
253403070563
1
253403070569
10
253403070572
1
253403070581
16
257698022283
1
261993005088
2
390842023985
44
390842023986
20
390842023987
4
390842023988
4
390842023989
4
390842023990
4
390842023991
4
390842023992
4
390842023993
4
390842024033
1
390842024037
1
390842024044
1
399431958560
69
399431958572
11
399431958574
1
399431958645
1
412316860448
5
416611827744
5589
416611827746
21
416611827751
3094
416611827752
1
416611827753
106
416611827756
382
416611827757
7
416611827758
29
416611827759
54
416611827762
5
416611827770
1
416611827771
23
416611827808
5
416611827809
71
416611827810
692
416611827811
180
416611827812
514
416611827813
39
416611827814
161
416611827815
619
416611827816
37
416611827817
85
416611827818
410
416611827819
451
416611827820
3904
416611827821
649
416611827822
2079
416611827823
1
416611827824
378
416611827825
82
416611827826
2685
416611827827
1105
416611827828
3069
416611827829
173
416611827830
119
416611827831
562
416611827832
110
416611827834
777
420906779303
2
420906779309
1
420906779310
1
420906779313
38
420906779322
9
420906779531
170
420906779533
4
420906779553
68
420906779559
827
420906779580
2
420906779778
27
420906779780
9
420906779801
13
420906779803
2
420906779809
3
420906779834
1
420906779836
195
420906779838
10
420906795040
130
420906795047
202
420906795049
62
420906795052
5
420906795053
1
420906795054
14
420906795105
507
420906795106
505
420906795107
4
420906795108
24
420906795109
516
420906795111
5
420906795112
1
420906795113
693
420906795114
13
420906795115
2
420906795116
348
420906795118
30
420906795119
148
420906795120
29
420906795121
4
420906795122
629
420906795123
35
420906795125
63
420906795126
6
420906795127
4
420906795129
21
420906795130
2
425201746593
2
425201746601
9
425201746605
1
425201746616
2
425201746620
2
425201746817
6
425201746835
2
425201746855
236
425201747089
1
425201747132
4
425201762336
40
425201762338
1
425201762345
5
425201762348
1
425201762349
1
425201762350
6
425201762351
1
425201762358
1
425201762401
231
425201762403
27
425201762404
1
425201762405
164
425201762408
963
425201762409
441
425201762410
15
425201762411
52
425201762412
35
425201762413
4
425201762414
40
425201762415
209
425201762417
1
425201762418
19
425201762419
17
425201762420
186
425201762421
68
425201762422
1
425201762423
3
425201762425
13
425201762426
41
429496713897
2
429496713898
1
429496713901
17
429496714155
10
429496714370
4
429496729632
728
429496729634
1
429496729639
52
429496729641
35
429496729644
12
429496729645
455
429496729646
12
429496729647
2
429496729658
1
429496729659
4
429496729697
859
429496729698
9
429496729699
1
429496729700
109
429496729701
1127
429496729703
4
429496729704
271
429496729705
2043
429496729706
153
429496729707
4
429496729708
15
429496729709
15
429496729710
25
429496729711
359
429496729712
7
429496729714
151
429496729715
49
429496729716
6
429496729717
784
429496729718
5
429496729719
110
429496729721
46
429496729722
47
433791681185
1
433791681186
1
433791681188
1
433791681193
5
433791681197
2
433791681203
4
433791681212
3
433791681421
7
433791681427
2
433791681435
4
433791681447
17
433791681451
1
433791681681
1
433791681711
10
433791681722
2
433791696928
1595
433791696930
8
433791696936
12
433791696937
89
433791696940
58
433791696941
19
433791696942
7
433791696943
82
433791696946
5
433791696947
2
433791696948
1
433791696949
1
433791696950
1
433791696954
3
433791696955
3
433791696993
87
433791696994
128
433791696995
395
433791696996
973
433791696997
212
433791696998
158
433791696999
508
433791697000
46
433791697001
216
433791697002
473
433791697003
671
433791697004
870
433791697005
1234
433791697006
2974
433791697007
63
433791697008
147
433791697009
24
433791697010
3622
433791697011
1829
433791697012
2136
433791697013
211
433791697014
162
433791697015
593
433791697016
200
433791697017
12
433791697018
109
438086648479
1
438086648481
3
438086648484
2
438086648485
2
438086648493
1
438086648715
304
438086648717
5
438086648737
183
438086648743
184
438086648766
8
438086648993
1
438086649020
363
438086651323
2
438086664224
248
438086664231
202
438086664233
13
438086664236
2
438086664289
389
438086664290
1
438086664293
970
438086664294
175
438086664295
8
438086664296
2
438086664297
1723
438086664298
1
438086664299
1
438086664300
437
438086664301
1
438086664302
2
438086664303
351
438086664306
83
438086664307
31
438086664308
61
438086664309
253
438086664312
2
438086664313
14
442381615780
5
442381615789
2
442381615798
8
442381615800
5
442381615802
2
442381615804
18
442381616273
2
442381631520
176
442381631529
14
442381631532
4
442381631533
2
442381631534
24
442381631535
2
442381631585
232
442381631586
1
442381631588
84
442381631589
412
442381631590
7
442381631591
12
442381631592
2
442381631593
829
442381631594
1
442381631595
13
442381631596
11
442381631598
69
442381631599
216
442381631600
1
442381631602
260
442381631603
60
442381631604
12
442381631605
100
442381631606
14
442381631607
178
442381631609
143
442381631610
7
446676583073
1
446676583076
3
446676583081
19
446676583085
37
446676583091
3
446676583094
2
446676583100
4
446676583335
2048
446676583554
1
446676583585
1
446676583595
2
446676598816
129
446676598825
8
446676598829
5
446676598830
16
446676598843
4
446676598881
337
446676598882
14
446676598884
1
446676598885
351
446676598886
1
446676598888
9
446676598889
458
446676598890
2
446676598891
1
446676598892
47
446676598893
15
446676598894
92
446676598895
487
446676598898
29
446676598899
23
446676598900
29
446676598901
546
446676598903
11
446676598904
1
446676598905
14
446676598906
2
450971550369
2
450971550372
11
450971550373
1
450971550374
1
450971550377
15
450971550390
18
450971550392
3
450971550396
1
450971550397
2
450971550593
2
450971566112
7067
450971566114
10
450971566121
87
450971566124
440
450971566125
7
450971566126
48
450971566127
50
450971566138
7
450971566139
10
450971566177
688
450971566178
168
450971566179
595
450971566180
581
450971566181
2516
450971566182
848
450971566183
286
450971566184
62
450971566185
123
450971566186
1445
450971566187
2327
450971566188
2152
450971566189
784
450971566190
3752
450971566191
388
450971566192
593
450971566193
94
450971566194
952
450971566195
2237
450971566196
2865
450971566197
28
450971566198
1032
450971566199
14
450971566200
83
450971566202
623
455266517664
1
455266517665
14
455266517668
1
455266517672
3
455266517673
4
455266517674
1
455266517675
38
455266517677
1
455266517683
15
455266517692
1
455266517899
473
455266517901
9
455266517913
1
455266517921
729
455266517927
16
455266517943
3
455266518148
2
455266518177
5
455266518195
3
455266518204
313
455266520497
10
455266533408
19
455266533417
4
455266533422
2
455266533423
1
455266533473
1977
455266533474
13
455266533476
10
455266533477
846
455266533478
3
455266533479
22
455266533481
1739
455266533482
240
455266533483
186
455266533484
7
455266533485
2
455266533486
293
455266533487
2029
455266533489
1
455266533490
12
455266533491
32
455266533492
3
455266533493
598
455266533494
6
455266533495
22
455266533498
2
459561484964
3
459561484966
1
459561484982
1
459561484986
1
459561485185
2
459561485189
18
459561485217
5
459561485223
8
459561485500
5
459561500704
379
459561500706
1
459561500713
25
459561500716
21
459561500717
2
459561500718
1
459561500719
3
459561500730
1
459561500769
1625
459561500770
8
459561500771
3
459561500772
18
459561500773
286
459561500775
1
459561500776
4
459561500777
886
459561500778
69
459561500779
306
459561500780
223
459561500781
5
459561500782
142
459561500783
1880
459561500786
117
459561500787
101
459561500788
276
459561500789
1211
459561500790
21
459561500791
484
459561500793
1
463856452257
123
463856452260
14
463856452265
17
463856452278
6
463856452280
2
463856452284
4
463856452285
13
463856452481
23
463856452485
2
463856452493
1
463856452540
2
463856452769
9
463856452787
3
463856455300
1
463856468000
1296
463856468007
32
463856468008
3
463856468009
7
463856468012
34
463856468013
4520
463856468014
11
463856468015
2
463856468018
2
463856468019
1
463856468065
1263
463856468066
12
463856468067
7
463856468068
42
463856468069
748
463856468070
11
463856468071
133
463856468072
63
463856468073
4428
463856468074
87
463856468075
40
463856468076
1399
463856468077
103
463856468078
24
463856468079
1141
463856468080
5
463856468081
15
463856468082
1
463856468083
135
463856468084
253
463856468085
659
463856468086
27
463856468087
15
463856468088
5
463856468089
9
463856468090
1
468151419553
15
468151419556
38
468151419558
14
468151419560
1
468151419561
21
468151419563
2
468151419565
7
468151419571
54
468151419572
29
468151419573
2
468151419574
3
468151419580
1
468151419777
2
468151419781
1
468151419795
1
468151419801
5
468151419809
2
468151419815
2
468151419819
5
468151420049
1
468151420079
1
468151435296
781
468151435302
2
468151435303
22
468151435305
5
468151435308
23
468151435309
15
468151435310
6
468151435311
2
468151435322
2
468151435323
2
468151435361
1742
468151435362
536
468151435364
9
468151435365
1992
468151435366
7
468151435367
41
468151435368
238
468151435369
2315
468151435370
17
468151435371
32
468151435372
13
468151435373
491
468151435374
20
468151435375
250
468151435376
383
468151435377
2
468151435378
22
468151435379
188
468151435380
19
468151435381
298
468151435382
4
468151435383
9
468151435384
27
468151435385
2
472446386849
5
472446386852
10
472446386857
47
472446386861
1
472446386867
1
472446386870
3
472446386876
1
472446387073
8
472446387095
10
472446387099
5
472446387105
6
472446387111
2
472446387115
1
472446387330
1
472446387345
1
472446387377
1
472446402592
2415
472446402594
1
472446402600
1
472446402601
50
472446402604
70
472446402605
66
472446402606
5
472446402607
10
472446402611
1
472446402613
1
472446402614
2
472446402618
3
472446402619
5
472446402657
1458
472446402658
8
472446402659
107
472446402660
1356
472446402661
943
472446402662
264
472446402663
338
472446402664
43
472446402665
3290
472446402666
165
472446402667
232
472446402668
47
472446402669
56
472446402670
831
472446402671
356
472446402672
19
472446402673
226
472446402674
15
472446402675
469
472446402676
1826
472446402677
247
472446402678
42
472446402679
8
472446402680
5
472446402681
38
472446402682
304
476741354145
43
476741354148
14
476741354150
5
476741354151
6
476741354153
40
476741354157
131
476741354163
5
476741354166
2
476741354170
1
476741354173
14
476741354369
3
476741354379
124
476741354381
9
476741354391
12
476741354393
15
476741354395
2
476741354401
102
476741354407
11
476741354411
2
476741354641
3
476741354684
55
476741354686
9
476741369888
385
476741369890
2
476741369897
20
476741369900
8
476741369901
54
476741369903
24
476741369953
10
476741369954
149
476741369955
133
476741369956
487
476741369957
55
476741369958
710
476741369959
696
476741369960
8
476741369961
25
476741369962
59
476741369963
222
476741369964
1910
476741369965
1233
476741369966
2801
476741369967
67
476741369968
284
476741369969
15
476741369970
1459
476741369971
413
476741369972
326
476741369973
119
476741369974
576
476741369975
36
476741369976
141
476741369977
20
476741369978
43
481036321675
107
481036321677
1
481036321697
209
481036321699
25
481036321703
111
481036321719
1
481036321922
9
481036321924
8
481036321945
2
481036321953
16
481036321980
81
481036321982
1
481036324271
3
481036324274
1
481036324275
25
481036324276
6
481036324280
1
481036324282
2
481036324283
28
481036324284
7
481036324480
3
481036324481
1
481036324482
3
481036324485
8
481036324487
3
481036324488
1
481036337184
90
481036337196
2
481036337198
31
481036337199
5
481036337249
611
481036337253
1270
481036337254
23
481036337255
1
481036337256
32
481036337257
337
481036337258
87
481036337260
606
481036337262
9
481036337263
583
481036337264
487
481036337266
1613
481036337267
81
481036337268
32
481036337269
262
481036337271
1
485331288740
13
485331288742
4
485331288745
38
485331288749
2
485331288755
1
485331288756
4
485331288757
1
485331288762
2
485331288961
1
485331288979
2
485331289218
1
485331289241
1
485331289249
1
485331304480
163
485331304492
25
485331304507
1
485331304545
475
485331304546
5
485331304548
3
485331304549
8
485331304551
7
485331304552
6
485331304553
6
485331304554
1
485331304556
3
485331304559
1
485331304561
8
485331304563
19
485331304564
23
485331304565
157
485331304567
31
485331304568
1
489626271776
1073
489626271778
5
489626271784
16
489626271785
60
489626271788
40
489626271789
246
489626271790
19
489626271791
25
489626271794
1
489626271802
1
489626271841
2162
489626271842
99
489626271843
253
489626271844
234
489626271845
1439
489626271846
79
489626271847
354
489626271848
32
489626271849
2840
489626271850
605
489626271851
253
489626271852
72
489626271853
606
489626271854
189
489626271855
1683
489626271856
76
489626271857
36
489626271858
261
489626271859
692
489626271860
977
489626271861
920
489626271862
202
489626271863
15
489626271864
21
489626271865
115
489626271866
99
493921223329
12
493921223332
8
493921223333
2
493921223337
15
493921223338
1
493921223341
5
493921223347
3
493921223350
5
493921223352
1
493921223354
1
493921223356
16
493921223553
1
493921223563
205
493921223571
1
493921223577
1
493921223585
55
493921223587
7
493921223595
4
493921223851
1
493921223870
1
493921239072
1209
493921239074
4
493921239081
34
493921239084
44
493921239085
349
493921239086
9
493921239087
13
493921239093
1
493921239094
1
493921239099
4
493921239137
621
493921239138
65
493921239139
297
493921239140
7
493921239141
955
493921239142
49
493921239143
10
493921239144
49
493921239145
983
493921239146
577
493921239147
541
493921239148
201
493921239149
27
493921239150
329
493921239151
327
493921239152
823
493921239154
14
493921239155
1357
493921239156
2725
493921239157
550
493921239158
60
493921239159
24
493921239161
77
493921239162
117
498216190625
1
498216190627
1
498216190628
4
498216190633
6
498216190637
2
498216190648
2
498216190652
3
498216190849
4
498216190887
20
498216191106
1
498216206368
2716
498216206370
8
498216206376
25
498216206377
60
498216206380
146
498216206381
611
498216206382
20
498216206383
26
498216206386
1
498216206387
1
498216206388
4
498216206389
1
498216206390
1
498216206394
10
498216206395
13
498216206433
7675
498216206434
11
498216206435
4
498216206436
5
498216206437
2292
498216206438
14
498216206439
60
498216206440
165
498216206441
4139
498216206442
75
498216206443
96
498216206444
134
498216206445
62
498216206446
61
498216206447
1127
498216206448
2
498216206449
25
498216206450
807
498216206451
194
498216206452
1536
498216206453
1120
498216206454
100
498216206455
62
498216206456
3
498216206457
81
498216206458
5
502511157920
355
502511157921
14
502511157924
27
502511157925
4
502511157926
1
502511157928
3
502511157929
76
502511157933
13
502511157939
4
502511157942
1
502511157946
12
502511157947
7
502511157948
4
502511158145
17
502511158149
15
502511158163
1
502511158183
9
502511158187
1
502511158425
6
502511158443
10
502511158447
2
502511160751
1
502511173664
3695
502511173672
1
502511173673
20
502511173676
147
502511173677
2
502511173678
21
502511173679
11
502511173683
1
502511173690
40
502511173691
6
502511173729
12
502511173730
245
502511173731
47
502511173732
241
502511173733
104
502511173734
80
502511173735
82
502511173736
14
502511173737
63
502511173738
8
502511173739
288
502511173740
470
502511173741
394
502511173742
1393
502511173743
54
502511173744
148
502511173745
129
502511173746
1392
502511173747
162
502511173748
472
502511173749
21
502511173750
40
502511173751
97
502511173752
275
502511173754
92
506806125215
1
506806125223
1
506806125225
4
506806125229
1
506806125233
3
506806125451
33
506806125453
6
506806125473
104
506806125475
4
506806125479
10
506806125698
9
506806125729
27
506806125756
105
506806125758
4
506806140960
46
506806140969
7
506806140972
68
506806140974
13
506806140986
1
506806141025
656
506806141026
11
506806141028
71
506806141029
838
506806141033
864
506806141034
24
506806141035
1
506806141036
13
506806141037
6
506806141038
32
506806141039
173
506806141041
2
506806141042
7
506806141043
7
506806141044
5
506806141045
37
506806141046
20
506806141049
41
511101092513
11
511101092516
4
511101092517
11
511101092518
1
511101092521
14
511101092525
16
511101092541
6
511101092763
10
511101093025
10
511101093052
1
511101095345
4
511101095348
1
511101095349
4
511101095353
2
511101095556
5
511101095561
1
511101108256
656
511101108265
6
511101108268
17
511101108269
1
511101108270
5
511101108271
3
511101108321
748
511101108324
7
511101108325
137
511101108327
1
511101108328
5
511101108329
372
511101108331
97
511101108332
16
511101108333
4
511101108334
98
511101108335
12
511101108337
2
511101108338
64
511101108339
12
511101108340
168
511101108341
5
511101108343
30
511101108344
8
511101108345
33
515396060065
9
515396060071
1
515396060290
4
515396060348
1
515396075552
465
515396075559
7
515396075561
2
515396075564
8
515396075565
73
515396075566
1
515396075567
1
515396075617
98
515396075619
1
515396075621
45
515396075623
2
515396075624
27
515396075625
191
515396075626
33
515396075627
5
515396075631
67
515396075632
3
515396075634
7
515396075636
10
515396075637
67
515396075640
196
519691027113
1
519691042848
207
519691042850
3
519691042857
21
519691042860
18
519691042861
1
519691042867
2
519691042875
9
519691042913
58
519691042914
2
519691042915
69
519691042916
39
519691042917
10
519691042919
28
519691042920
2
519691042921
7
519691042922
2
519691042923
14
519691042924
26
519691042925
17
519691042926
84
519691042927
3
519691042928
16
519691042930
23
519691042931
73
519691042932
43
519691042934
1
519691042935
1
519691042938
3
523985994401
6
523985994413
6
523985994419
7
523985994422
2
523985994913
2
523985994940
9
523986010144
130
523986010153
1
523986010156
4
523986010157
1
523986010158
1
523986010209
419
523986010210
3
523986010211
4
523986010212
23
523986010213
80
523986010214
1
523986010215
1
523986010216
1
523986010217
283
523986010218
1178
523986010219
24
523986010221
2
523986010222
42
523986010223
44
523986010224
6
523986010227
10
523986010228
37
523986010229
19
523986010231
2
523986010233
13
523986010234
1406
528280961697
49
528280961709
2
528280961724
3
528280961921
1
528280961925
3
528280962193
2
528280962201
4
532575944736
2652
18438158623063408672
52
18438158623063408747
1
18438158623063408748
3
18446676586888429600
2
18446676586888429667
1
18446676586888429676
1
18446676586888429680
1
18446676591183396896
329
18446676591183396898
1
18446676591183396908
18
18446676591183396910
5
18446676595478364192
143
18446676595478364201
8
18446676595478364259
9
18446676595478364260
4
18446676595478364263
39
18446676595478364266
2
18446676595478364267
1
18446676595478364268
15
18446676595478364269
2
18446676595478364270
14
18446676595478364272
8
18446676595478364274
24
18446676595478364275
11
18446676595478364276
18
18446676595478364278
4
18446676595478364282
2
18446676599773316232
1
18446676599773316249
4
18446676599773316286
2
18446676599773331558
1
18446676604068298863
4
18446676608363266093
1
18446676608363266095
1
18446676608363266146
3
18446676608363266148
11
18446676608363266150
2
18446676608363266151
3
18446676608363266153
2
18446676608363266155
31
18446676608363266156
10
18446676608363266157
3
18446676608363266158
22
18446676608363266162
42
18446676608363266163
6
18446676608363266164
26
18446676608363266169
1
18446676612658217631
2
18446676612658217636
13
18446676612658233442
1
18446676612658233444
2
18446676612658233445
4
18446676612658233452
1
18446676612658233458
12
18446676612658233461
1
18446676616953200737
2
18446676616953200740
2
18446676616953200743
14
18446676616953200747
1
18446676616953200748
1
18446676616953200749
1
18446676616953200750
1
18446676616953200754
2
18446676616953200755
2
18446676616953200758
1
18446676621248168033
6
18446676625543119523
3
18446676625543135346
16
18446676625543135347
1
18446676629838102560
54
18446676629838102568
2
18446676629838102625
9
18446676629838102627
41
18446676629838102628
60
18446676629838102629
2
18446676629838102631
7
18446676629838102632
10
18446676629838102635
17
18446676629838102636
8
18446676629838102637
8
18446676629838102638
15
18446676629838102639
3
18446676629838102640
6
18446676629838102642
36
18446676629838102643
48
18446676629838102644
29
18446676629838102646
1
18446676629838102650
1
18446676634133054121
2
18446676634133069934
1
18446676634133069940
1
18446676634133069941
1
18446676638428037167
38
18446676638428037235
2
18446676647017971744
120
18446676647017971746
1
18446676647017971753
2
18446676647017971756
2
18446676647017971809
44
18446676647017971811
7
18446676647017971812
2
18446676647017971814
1
18446676647017971816
2
18446676647017971819
13
18446676647017971820
1
18446676647017971821
12
18446676647017971822
20
18446676647017971826
1
18446676647017971827
4
18446676647017971828
20
18446676647017971830
2
18446676647017971834
4
18446676651312939124
1
18446676664197840993
41
18446676672787775520
4
18446676672787775588
3
18446676672787775591
56
18446676672787775596
2
18446676672787775597
1
18446676672787775598
11
18446676672787775600
2
18446676672787775602
3
18446676672787775603
3
18446676672787775607
13
18446676672787775610
3
18446676677082742893
29
18446676677082742898
4
18446676681377710180
1
18446676681377710181
1
18446676681377710188
1
18446676681377710192
6
18446676685672677408
2
18446676685672677423
1
18446676685672677478
1
18446676685672677479
14
18446676685672677480
2
18446676685672677483
1
18446676685672677485
1
18446676685672677486
5
18446676685672677488
1
18446676685672677490
17
18446676685672677491
40
18446676685672677492
7
18446676685672677494
3
18446676694262612066
1
18446676694262612068
1
18446676694262612071
2
18446676694262612074
4
18446676694262612076
1
18446676694262612078
2
18446676694262612082
6
18446676702852546658
2
18446676702852546660
9
18446676702852546674
14
18446676702852546675
1
18446676702852546676
1
18446676702852546682
3
18446676707147513970
7
18446676711442481250
14
18446676711442481252
1
18446676711442481254
15
18446676711442481255
7
18446676711442481256
1
18446676711442481260
15
18446676711442481262
7
18446676711442481266
18
18446676711442481267
2
18446676711442481274
1
18446676715737432735
1
18446676715737448480
22
18446676715737448547
10
18446676715737448564
3
18446677557551038496
10
18446677557551038563
7
18446677557551038564
2
18446677557551038570
1
18446677557551038572
3
18446677557551038573
4
18446677557551038574
2
18446677557551038578
19
18446677557551038579
8
18446677557551038580
19
18446677561845990590
1
18446677574730907680
28
18446677574730907692
2
18446677574730907747
5
18446677574730907748
1
18446677574730907760
2
18446677574730907763
1
18446677600500711456
22
18446677600500711465
43
18446677600500711468
1
18446677600500711469
78
18446677600500711470
3
18446677600500711521
35
18446677600500711525
543
18446677600500711529
695
18446677600500711530
314
18446677600500711532
1
18446677600500711541
1
18446677600500711543
1
18446677604795663243
199
18446677609090646113
2
18446677609090646117
63
18446677609090646121
2
18446677609090646122
1
18446677609090646126
15
18446677613385597613
2
18446677634860449824
1
18446677634860449891
1
18446677634860449892
1
18446677634860449898
1
18446677634860449901
1
18446677634860449906
2
18446677639155401889
2
18446677652040319008
6
18446677652040319082
10
18446677652040319091
6
18446677660630253600
14
18446677660630253667
1
18446677660630253671
6
18446677660630253684
1
18446677669220188192
1
18446677669220188204
1
18446677669220188260
7
18446677669220188268
2
18446677669220188270
2
18446677669220188274
3
18446677669220188276
4
18446677673515140249
1
18446677694989991968
562
18446677694989991977
1
18446677694989991980
13
18446677694989991982
6
18446677694989991994
53
18446677694989991995
1
18446677694989992033
70
18446677694989992034
2
18446677694989992036
4
18446677694989992037
317
18446677694989992039
1
18446677694989992040
1
18446677694989992041
559
18446677694989992042
17
18446677694989992044
1
18446677694989992047
25
18446677694989992053
152
18446677694989992056
1
18446677699284943520
4
18446677699284943777
143
18446677703579926625
2
18446677703579926633
34
18446677703579926645
2
18446677720759795744
36
18446677720759795756
5
18446677720759795809
1873
18446677720759795810
2
18446677720759795812
55
18446677720759795813
39
18446677720759795814
1
18446677720759795816
112
18446677720759795817
54
18446677720759795818
6
18446677720759795820
58
18446677720759795821
116
18446677720759795823
150
18446677720759795825
4
18446677720759795826
681
18446677720759795827
33
18446677720759795828
331
18446677720759795829
135
18446677720759795831
4
18446677720759795832
1
18446677720759795834
1
18446677725054747553
2
18446677725054747559
109
18446677725054747836
10
18446677737939664994
13
18446677737939664996
3
18446677737939664999
3
18446677737939665006
6
18446677737939665012
2
18446677789479272553
10
18446677810954109025
3
18446677810954109045
1
18446677819544043552
1
18446677819544043635
7
18446678661357633568
21
18446678661357633633
11
18446678661357633635
2
18446678661357633637
5
18446678661357633647
9
18446678661357633653
5
18446678661357633657
3
18446678665652585139
4
18446678669947568160
1
18446678669947568169
1
18446678669947568172
1
18446678669947568227
5
18446678669947568243
11
18446678687127437427
1
18446678725782143008
4
18446678725782143021
1
18446678725782143079
2
18446678725782143081
2
18446678725782143090
1
18446678725782143098
1
18446678760141881376
2
18446678760141881385
1
18446678760141881388
2
18446678760141881445
4
18446678760141881454
3
18446678760141881455
3
18446678760141881459
12
18446678764436832941
6
18446678768731816035
2
18446678768731816044
1
18446678768731816050
2
18446678794501619744
1
18446678794501619809
5
18446678794501619811
5
18446678794501619813
25
18446678794501619817
1
18446678794501619819
54
18446678794501619822
1
18446678794501619823
2
18446678794501619824
5
18446678794501619828
12
18446678798796571309
2
18446678798796571563
3
18446678798796571809
2
18446678837451292786
9
18446678837451292788
2
18446678841746244769
2
18446678854631161888
2
18446678854631161897
1
18446678854631161971
10
18446678863221096566
1
18446678871811031072
6
18446678901875802144
1
18446678901875802156
1
18446678901875802222
1
18446678910465736736
109
18446678910465736748
5
18446678910465736749
22
18446678910465736750
1
18446678910465736762
1
18446678910465736801
181
18446678910465736802
1
18446678910465736804
1
18446678910465736805
249
18446678910465736806
1
18446678910465736807
7
18446678910465736809
326
18446678910465736810
96
18446678910465736812
17
18446678910465736813
33
18446678910465736814
10
18446678910465736815
16
18446678910465736818
6
18446678910465736819
8
18446678910465736821
51
18446678910465736822
5
18446678910465736823
4
18446678910465736824
1
18446678910465736825
51
18446678914760688828
5
18446678919055671342
1
18446678919055671393
2
18446678919055671397
6
18446678919055671401
7
18446678919055671406
2
18446678919055671407
1
18446678919055671413
1
18446678919055671417
10
18446688737350909984
4
18446688741645864372
2
18446688741645864578
39
18446688741645864579
4
18446688741645864580
9
18446688745940831665
1
18446688745940831674
1
18446688745940831675
2
18446688745940831677
2
18446688745940831872
1
18446688745940831873
4
18446688745940844576
66
18446688745940844589
1
18446688750235798972
11
18446688750235799169
2
18446688750235799170
44
18446688750235799172
1
18446688750235811872
1
18446688750235811951
5
18446688754530766257
73
18446688754530766260
3
18446688754530766266
6
18446688754530766271
20
18446688754530766464
3
18446688754530766468
6
18446688754530766473
3
18446688758825746464
67
18446688758825746477
1
18446688758825746479
1
18446688758825746482
1
18446688758825746550
5
18446688763120700847
7
18446688763120700850
1
18446688763120700851
7
18446688763120700852
3
18446688763120700856
9
18446688763120700857
40
18446688763120700858
15
18446688763120700859
7
18446688763120700860
5
18446688763120700861
17
18446688763120700862
1
18446688763120701056
6
18446688763120701057
20
18446688763120701058
30
18446688763120701059
10
18446688763120701060
69
18446688763120701061
4
18446688763120701062
7
18446688767415668145
3
18446688767415668149
2
18446688767415668153
4
18446688767415668159
7
18446688767415681135
1
18446688767415681142
2
18446688771710635437
1
18446688771710635439
49
18446688771710635441
4
18446688771710635443
12
18446688771710635445
28
18446688771710635447
1
18446688771710635449
23
18446688771710635450
2
18446688771710635453
4
18446688771710635455
3
18446688771710635649
8
18446688771710635653
2
18446688771710648431
6
18446688776005602735
4
18446688776005602737
1
18446688776005602741
13
18446688776005602743
1
18446688776005602745
24
18446688776005602751
13
18446688776005602945
5
18446688776005602953
2
18446688776005615648
3
18446688776005615657
2
18446688776005615662
3
18446688776005615734
2
18446688780300570031
22
18446688780300570034
2
18446688780300570035
9
18446688780300570036
2
18446688780300570037
4
18446688780300570040
5
18446688780300570041
31
18446688780300570042
9
18446688780300570043
43
18446688780300570044
1
18446688780300570045
8
18446688780300570240
14
18446688780300570241
10
18446688780300570243
3
18446688780300570244
3
18446688780300570245
35
18446688780300570246
2
18446688780300570247
11
18446688780300570253
1
18446688784595550240
10
18446688784595550326
2
18446688788890504627
1
18446688788890504635
10
18446688788890504636
4
18446688788890504637
12
18446688788890504833
2
18446688788890504834
14
18446688788890504835
11
18446688788890504836
17
18446688788890504839
3
18446688788890517545
1
18446688788890517615
7
18446688793185471921
2
18446688793185471925
5
18446688793185471927
4
18446688793185471933
5
18446688793185471935
4
18446688793185472129
3
18446688793185472142
3
18446688793185484832
16
18446688793185484846
3
18446688793185484911
13
18446688793185484918
5
18446688797480439212
4
18446688797480439217
43
18446688797480439220
24
18446688797480439221
5
18446688797480439223
7
18446688797480439226
135
18446688797480439228
5
18446688797480439229
7
18446688797480439231
24
18446688797480439424
1
18446688797480439425
17
18446688797480439427
25
18446688797480439428
7
18446688797480439433
1
18446688797480439438
3
18446688797480452207
1
18446688801775406508
4
18446688801775406510
93
18446688801775406513
22
18446688801775406516
1
18446688801775406517
6
18446688801775406519
8
18446688801775406527
14
18446688801775406720
4
18446688801775406721
4
18446688801775406724
12
18446688801775406732
30
18446688801775406733
39
18446688801775406734
7
18446688801775419503
28
18446688806070373804
40
18446688806070373806
7
18446688806070373807
1
18446688806070373809
4
18446688806070373813
14
18446688806070373815
2
18446688806070373817
7
18446688806070373819
42
18446688806070373820
3
18446688806070373823
35
18446688806070374021
2
18446688806070374022
2
18446688806070374025
4
18446688806070374030
2
18446688806070386799
2
18446688810365341100
5
18446688810365341101
3
18446688810365341102
6
18446688810365341103
4
18446688810365341105
46
18446688810365341106
7
18446688810365341109
5
18446688810365341111
4
18446688810365341113
6
18446688810365341116
3
18446688810365341119
5
18446688810365341312
1
18446688810365341317
1
18446688810365341321
2
18446688810365341326
2
18446688810365354016
37
18446688810365354030
1
18446688810365354031
1
18446688810365354095
6
18446688814660308399
3
18446688814660308401
10
18446688814660308404
1
18446688814660308405
13
18446688814660308407
1
18446688814660308409
24
18446688814660308415
34
18446688814660308612
12
18446688814660308617
9
18446688814660308622
5
18446688818955275705
1
18446688818955288608
34
18446688818955288621
2
18446688823250242991
2
18446688823250242993
1
18446688823250242994
1
18446688823250242995
32
18446688823250242996
16
18446688823250243000
1
18446688823250243001
18
18446688823250243002
5
18446688823250243003
40
18446688823250243004
5
18446688823250243005
19
18446688823250243200
10
18446688823250243201
6
18446688823250243202
55
18446688823250243203
16
18446688823250243204
4
18446688823250243205
36
18446688823250243206
2
18446688823250243207
2
18446688823250243208
1
18446688823250243213
16
18446689647883976745
1
18446689647883976815
1
18446689647883976822
1
18446689652178931121
26
18446689652178931125
5
18446689652178931128
1
18446689652178931129
19
18446689652178931131
6
18446689652178931133
1
18446689652178931135
24
18446689652178931329
49
18446689652178931332
15
18446689652178931333
2
18446689652178931340
1
18446689652178944111
14
18446689656473898413
1
18446689656473898417
17
18446689656473898419
30
18446689656473898420
2
18446689656473898421
4
18446689656473898423
6
18446689656473898424
4
18446689656473898425
51
18446689656473898428
5
18446689656473898431
67
18446689656473898629
4
18446689656473898631
12
18446689656473898633
2
18446689656473898636
9
18446689656473898637
2
18446689656473898638
3
18446689656473911328
185
18446689656473911337
2
18446689656473911340
2
18446689665063833006
1
18446689665063833007
2
18446689665063833009
3
18446689665063833015
23
18446689665063833016
2
18446689665063833017
7
18446689665063833018
6
18446689665063833023
4
18446689665063833219
3
18446689665063833220
33
18446689665063833221
7
18446689665063833223
9
18446689665063833225
1
18446689665063833228
1
18446689665063845934
3
18446689665063845999
8
18446689669358800300
2
18446689669358800301
6
18446689669358800302
10
18446689669358800303
7
18446689669358800305
14
18446689669358800309
21
18446689669358800311
26
18446689669358800313
51
18446689669358800315
5
18446689669358800316
6
18446689669358800319
35
18446689669358800513
53
18446689669358800515
1
18446689669358800517
13
18446689669358800521
6
18446689669358800524
3
18446689669358813216
15
18446689669358813228
2
18446689669358813302
1
18446689673653767603
10
18446689673653767612
18
18446689673653767613
2
18446689673653767808
9
18446689673653767809
35
18446689673653767811
2
18446689673653767812
28
18446689673653767815
19
18446689677948734894
5
18446689677948734897
3
18446689677948734904
2
18446689677948735105
4
18446689677948735109
4
18446689677948735118
2
18446689677948747887
2
18446689682243702191
15
18446689682243702193
3
18446689682243702197
17
18446689682243702201
16
18446689682243702205
10
18446689682243702207
10
18446689682243702414
1
18446689686538669701
6
18446689686538682486
1
18446689690833636796
5
18446689690833636797
17
18446689690833636992
1
18446689690833636995
3
18446689690833636996
6
18446689699423584288
19
18446689703718538674
1
18446689703718538675
1
18446689703718538684
3
18446689703718538685
9
18446689703718538882
4
18446689703718538884
7
18446689703718551584
6
18446689708013505979
7
18446689708013505980
2
18446689708013506176
39
18446689708013506177
1
18446689708013506180
1
18446689708013506183
2
18446689708013518966
1
18446689712308473268
1
18446689712308473271
2
18446689712308473277
17
18446689712308473279
1
18446689712308473473
6
