2353
137438953506
160
137438953511
1
137438953512
604
137438953515
1
137438953517
7
137438953518
1
137438953519
1
137438953520
1
137438953521
829
137438953522
453
137438953523
198
137438953524
146
137438953525
227
137438953526
67
137438953527
52
137438953528
69
137438953529
16
137438953563
47
137438953569
1319
137438953570
577
137438953571
1473
137438953572
2801
137438953573
571
137438953574
371
137438953575
454
137438953576
202
137438953577
1809
137438953578
472
137438953579
1842
137438953580
1271
137438953581
1371
137438953582
1594
137438953583
2623
137438953584
4724
137438953585
16
137438953586
1246
137438953587
2303
137438953588
1490
137438953589
1360
137438953590
352
137438953591
3478
137438953592
1
137438953593
52
137438953594
2338
137438953596
2652
141731921812
131
141733905057
7
141733905060
8
141733905061
1
141733905065
14
141733905075
1
141733905077
6
141733905078
4
141733905080
2
141733905082
1
141733905084
19
141733905281
6
141733905291
5
141733905293
5
141733905313
3
141733905315
2
141733905335
6
141733905538
60
141733905561
2
141733905563
206
141733905569
37
141733905596
131
141733905598
2
141733907884
3
141733907886
3
141733907889
41
141733907890
3
141733907891
11
141733907892
7
141733907893
38
141733907895
1
141733907896
9
141733907897
18
141733907898
22
141733907899
1
141733907900
17
141733907901
25
141733907903
23
141733908096
49
141733908097
3
141733908099
23
141733908100
28
141733908101
13
141733908102
7
141733908103
13
141733908104
4
141733908105
2
146028888096
95
146028888104
1
146028888105
294
146028888108
37
146028888110
2
146028888111
2
146028888113
2
146028888122
9
146028888123
1
146028888161
50
146028888162
35
146028888163
6
146028888164
37
146028888165
11
146028888166
22
146028888167
10
146028888168
7
146028888169
11
146028888171
26
146028888172
14
146028888173
74
146028888174
11
146028888175
17
146028888176
27
146028888178
7
146028888179
34
146028888180
10
146028888181
12
146028888182
18
146028888183
8
146028888186
7
150321856404
2
150323839657
2
150323839674
1
150323839676
1
150323839885
2
150323842495
1
150323842692
1
163208757363
2
167503724576
16
167503724641
16
167503724645
49
167503724648
1
167503724649
7
167503724655
3
167503724659
1
167503724661
1
171798676137
6
171798678961
1
171798691874
292
171798691885
4
171798691889
14
171798691890
11
171798691891
11
171798691892
6
171798691893
1
171798691894
1
171798691895
1
171798691896
1
171798691897
1
171798691937
30
171798691938
14
171798691939
11
171798691940
46
171798691941
21
171798691942
5
171798691943
3
171798691944
3
171798691945
26
171798691947
3
171798691948
7
171798691949
17
171798691950
13
171798691951
35
171798691952
14
171798691954
12
171798691955
17
171798691956
18
171798691957
9
171798691958
4
171798691959
23
171798691961
2
171798691962
12
176091660190
1
176093643432
10
176093643433
1
176093643452
1
176093643931
3
176093646257
1
176093646261
1
176093646266
1
176093646468
4
176093659168
551
176093659170
23
176093659176
1
176093659177
5
176093659180
104
176093659182
7
176093659183
10
176093659186
1
176093659194
7
176093659195
5
176093659229
1
176093659234
2
176093659236
26
176093659240
1
176093659241
2
176093659244
2
176093659252
4
176093659253
1
176093659254
2
180388611227
7
184683593760
1
188978561056
2299
188978561058
3
188978561074
1
188978561075
1
188978561077
3
188978561124
25
188978561136
1
188978561141
4
188978561143
2
188978561146
1
193273513115
1
193273515651
1
193273528352
436
193273528364
8
193273528365
336
193273528369
1
193273528417
9
193273528418
3
193273528419
4
193273528420
18
193273528421
10
193273528422
17
193273528423
6
193273528424
3
193273528425
18
193273528426
4
193273528427
6
193273528428
14
193273528429
4
193273528430
4
193273528431
7
193273528432
5
193273528433
2
193273528434
18
193273528435
7
193273528436
17
193273528437
4
193273528438
7
193273528439
1
197568479905
1
197568479913
1
197568480161
1
197568480167
1
197568482739
2
197568482944
1
197568495648
1186
197568495650
11
197568495657
50
197568495660
45
197568495661
5
197568495665
106
197568495666
119
197568495667
54
197568495668
26
197568495669
19
197568495670
19
197568495671
18
197568495672
3
197568495673
2
197568495674
2
197568495675
2
197568495713
31
197568495714
7
197568495715
10
197568495716
40
197568495717
17
197568495718
4
197568495719
3
197568495720
7
197568495721
5
197568495723
8
197568495724
1
197568495725
11
197568495726
2
197568495727
2
197568495728
1
197568495730
4
197568495731
9
197568495732
13
197568495733
53
197568495734
14
197568495738
3
201863447201
1
201863447222
1
201863450037
3
201863450041
3
201863450042
2
201863450044
1
201863450045
2
201863450240
10
201863450244
2
201863450245
4
201863462944
26
201863462946
2
201863462961
55
201863462962
26
201863462963
23
201863462964
26
201863462965
7
201863462966
5
201863462967
1
201863462969
3
201863463009
30
201863463010
78
201863463011
3
201863463012
20
201863463013
72
201863463014
40
201863463015
6
201863463016
22
201863463017
13
201863463019
13
201863463020
15
201863463021
12
201863463022
4
201863463023
11
201863463024
20
201863463026
5
201863463027
9
201863463028
6
201863463029
4
201863463030
8
201863463031
19
201863463033
2
201863463034
2
206158414518
2
206158417338
1
206158417340
1
206158430240
143
206158430249
7
206158430252
17
206158430254
6
206158430255
13
206158430256
240
206158430257
18
206158430258
18
206158430259
19
206158430260
126
206158430261
13
206158430262
14
206158430263
17
206158430264
3
206158430265
2
206158430301
6
206158430305
1
206158430306
1
210453397536
347
210453397545
12
210453397548
37
210453397550
201
210453397551
12
210453397552
34
210453397553
36
210453397554
44
210453397555
33
210453397556
24
210453397557
26
210453397558
18
210453397559
18
210453397560
23
210453397561
429
210453397562
1
210453397563
1
210453397597
15
210453397618
1
214748364832
120
214748364841
9
214748364844
78
214748364845
2
214748364846
161
214748364847
21
214748364848
267
214748364849
29
214748364850
14
214748364851
47
214748364852
35
214748364853
23
214748364854
7
214748364855
14
214748364856
34
214748364857
16
214748364859
1
214748364893
11
219043332128
147
219043332137
6
219043332140
35
219043332141
1
219043332142
116
219043332143
12
219043332144
19
219043332145
51
219043332146
10
219043332147
19
219043332148
24
219043332149
18
219043332150
41
219043332151
20
219043332152
24
219043332153
17
219043332154
2
219043332189
10
223338299424
274
223338299433
8
223338299436
31
223338299438
67
223338299439
19
223338299440
27
223338299441
9
223338299442
9
223338299443
13
223338299444
13
223338299445
18
223338299446
18
223338299447
10
223338299448
13
223338299449
6
223338299450
2
223338299485
10
227633266720
115
227633266729
9
227633266732
19
227633266734
204
227633266735
21
227633266736
12
227633266737
16
227633266738
11
227633266739
9
227633266740
8
227633266741
12
227633266742
11
227633266743
3
227633266744
23
227633266745
8
227633266781
10
227633266802
1
231928234016
99
231928234025
4
231928234028
13
231928234029
1
231928234030
46
231928234031
22
231928234032
9
231928234033
10
231928234034
5
231928234035
3
231928234036
16
231928234037
3
231928234038
4
231928234039
3
231928234040
25
231928234041
13
231928234042
1
231928234043
1
231928234077
8
236223201312
71
236223201321
4
236223201324
12
236223201326
29
236223201327
30
236223201328
10
236223201329
19
236223201330
4
236223201331
5
236223201332
1
236223201333
15
236223201334
27
236223201335
21
236223201336
19
236223201337
10
236223201373
6
240518168608
129
240518168617
5
240518168620
17
240518168622
11
240518168623
52
240518168624
36
240518168625
12
240518168626
14
240518168627
19
240518168628
14
240518168629
34
240518168630
15
240518168631
26
240518168632
30
240518168633
21
240518168669
6
244813135904
83
244813135913
6
244813135916
5
244813135917
1
244813135918
5
244813135919
27
244813135920
9
244813135921
14
244813135922
15
244813135923
9
244813135924
59
244813135925
42
244813135926
25
244813135927
76
244813135928
163
244813135929
168
244813135965
6
249108103200
166
249108103202
1
249108103268
1
249108103275
1
253403070496
93
253403070581
16
253403070583
1
257698022555
1
261993005088
2
390842023985
44
390842023986
20
390842023987
4
390842023988
4
390842023989
4
390842023990
4
390842023991
4
390842023992
4
390842023993
4
390842024050
2
399431958560
65
399431958572
14
399431958574
1
399431958645
1
412316860448
6
416611827744
5229
416611827746
63
416611827751
16
416611827753
78
416611827756
224
416611827757
8
416611827758
21
416611827759
56
416611827762
5
416611827770
66
416611827771
20
416611827808
6
416611827809
70
416611827810
156
416611827811
1293
416611827812
1409
416611827813
37
416611827814
41
416611827815
290
416611827816
15
416611827817
76
416611827818
1243
416611827819
905
416611827820
1806
416611827821
525
416611827822
2981
416611827823
3
416611827824
210
416611827825
2
416611827826
2047
416611827827
651
416611827828
1409
416611827829
273
416611827830
92
416611827831
1364
416611827832
20
416611827834
353
420906779303
2
420906779309
1
420906779310
1
420906779313
38
420906779322
9
420906779527
116
420906779531
3
420906779533
4
420906779559
2
420906779580
2
420906779778
1045
420906779780
484
420906779801
13
420906779803
186
420906779809
3
420906779834
30
420906779836
198
420906779838
10
420906795040
448
420906795042
1
420906795049
59
420906795052
12
420906795053
1
420906795054
14
420906795105
201
420906795106
9
420906795107
5
420906795108
6
420906795109
438
420906795111
4
420906795113
231
420906795114
24
420906795115
25
420906795116
131
420906795118
50
420906795119
275
420906795122
100
420906795123
50
420906795125
123
420906795126
6
420906795129
415
420906795130
2
425201746593
2
425201746601
9
425201746605
1
425201746611
39
425201746616
2
425201746620
2
425201746817
6
425201746821
20
425201746835
2
425201746841
53
425201747089
1
425201762336
93
425201762338
1
425201762345
46
425201762348
3
425201762349
1
425201762350
9
425201762351
1
425201762358
1
425201762362
1
425201762401
355
425201762403
21
425201762404
1
425201762405
1296
425201762408
3438
425201762409
1299
425201762410
953
425201762411
116
425201762412
34
425201762413
4
425201762414
49
425201762415
464
425201762418
19
425201762419
16
425201762420
366
425201762421
85
425201762422
1
425201762423
3
425201762425
721
425201762426
2561
429496713897
2
429496713898
1
429496713901
17
429496713907
41
429496714117
26
429496714137
15
429496714155
10
429496714370
3
429496729632
709
429496729634
11
429496729639
52
429496729641
31
429496729644
11
429496729645
8
429496729646
13
429496729647
2
429496729659
3
429496729697
1208
429496729698
101
429496729699
187
429496729700
15
429496729701
1094
429496729703
2
429496729704
29
429496729705
909
429496729706
43
429496729707
221
429496729708
165
429496729709
68
429496729710
643
429496729711
1711
429496729712
197
429496729714
170
429496729715
240
429496729716
10
429496729717
366
429496729718
5
429496729719
73
429496729721
574
429496729722
1647
433791681185
1
433791681188
1
433791681193
5
433791681197
2
433791681203
57
433791681212
3
433791681413
9
433791681421
7
433791681427
2
433791681433
6
433791681435
4
433791681451
1
433791681666
26
433791681681
1
433791681711
10
433791681722
10
433791681724
1
433791696928
5599
433791696930
52
433791696936
11
433791696937
70
433791696940
248
433791696941
20
433791696942
14
433791696943
82
433791696946
5
433791696947
2
433791696948
1
433791696949
1
433791696950
1
433791696954
7
433791696955
14
433791696993
83
433791696994
87
433791696995
1084
433791696996
1302
433791696997
147
433791696998
48
433791696999
1622
433791697000
36
433791697001
221
433791697002
1281
433791697003
1042
433791697004
836
433791697005
877
433791697006
2888
433791697007
71
433791697008
289
433791697009
3
433791697010
2448
433791697011
1157
433791697012
685
433791697013
298
433791697014
74
433791697015
181
433791697016
86
433791697017
14
433791697018
536
438086648479
1
438086648481
3
438086648484
2
438086648485
2
438086648493
1
438086648499
3
438086648711
9
438086648715
6
438086648717
5
438086648737
1
438086648766
8
438086648962
156
438086648964
77
438086648987
235
438086648993
1
438086649018
1
438086649020
164
438086651323
2
438086664224
132
438086664226
1
438086664233
12
438086664289
195
438086664290
1
438086664293
110
438086664294
20
438086664295
8
438086664296
1
438086664297
618
438086664298
1
438086664300
26
438086664301
1
438086664302
3
438086664303
148
438086664306
75
438086664307
14
438086664308
50
438086664309
39
438086664313
14
442381615780
5
442381615789
2
442381615798
8
442381615800
5
442381615802
2
442381615804
18
442381616273
2
442381631520
225
442381631522
8
442381631529
9
442381631532
31
442381631533
2
442381631534
23
442381631535
2
442381631585
395
442381631586
1
442381631588
122
442381631589
430
442381631590
7
442381631591
5
442381631592
7
442381631593
1122
442381631595
13
442381631596
50
442381631598
193
442381631599
1503
442381631600
1
442381631602
206
442381631603
60
442381631604
12
442381631605
97
442381631607
24
442381631609
141
442381631610
96
446676583073
1
446676583076
3
446676583081
17
446676583085
37
446676583091
262
446676583094
2
446676583100
4
446676583301
35
446676583335
1
446676583554
39
446676583585
1
446676583595
2
446676598816
1674
446676598818
2
446676598825
19
446676598828
175
446676598829
5
446676598830
25
446676598831
2
446676598842
1
446676598843
9
446676598881
268
446676598882
13
446676598883
2
446676598884
1
446676598885
332
446676598886
1
446676598888
9
446676598889
674
446676598890
2
446676598891
1
446676598892
51
446676598893
3
446676598894
232
446676598895
250
446676598898
42
446676598899
23
446676598900
44
446676598901
98
446676598903
17
446676598905
26
446676598906
2
450971550369
2
450971550372
11
450971550373
1
450971550374
1
450971550377
15
450971550390
18
450971550392
3
450971550396
1
450971550397
2
450971550593
2
450971550597
1
450971550850
5
450971550908
1
450971566112
2654
450971566114
8
450971566121
69
450971566124
233
450971566125
5
450971566126
22
450971566127
45
450971566138
2
450971566139
5
450971566177
3553
450971566178
25
450971566179
1372
450971566180
146
450971566181
5529
450971566182
424
450971566183
151
450971566184
8
450971566185
251
450971566186
322
450971566187
861
450971566188
225
450971566189
428
450971566190
2063
450971566191
956
450971566192
222
450971566193
80
450971566194
377
450971566195
1036
450971566196
1122
450971566197
303
450971566198
254
450971566199
255
450971566200
1
450971566202
266
455266517664
1
455266517665
14
455266517668
1
455266517672
3
455266517673
4
455266517674
1
455266517675
38
455266517677
2
455266517683
95
455266517692
1
455266517893
204
455266517895
39
455266517899
10
455266517901
9
455266517913
333
455266517943
2
455266518146
10
455266518148
3
455266518171
5
455266518177
5
455266518195
3
455266518204
49
455266520497
10
455266533408
850
455266533417
9
455266533420
57
455266533422
12
455266533434
2
455266533435
1
455266533473
911
455266533476
5
455266533477
697
455266533478
1
455266533481
490
455266533483
9
455266533485
422
455266533486
134
455266533487
151
455266533488
5
455266533490
4
455266533491
170
455266533493
74
455266533494
6
455266533495
3
455266533498
2
459561484964
3
459561484966
1
459561484979
28
459561484982
1
459561484986
1
459561485185
2
459561485189
953
459561485209
180
459561485467
5
459561500704
338
459561500706
20
459561500712
1
459561500713
8
459561500716
25
459561500717
3
459561500718
3
459561500719
5
459561500730
2
459561500769
1400
459561500771
165
459561500772
18
459561500773
125
459561500775
1
459561500776
5
459561500777
1197
459561500778
1
459561500779
12
459561500780
142
459561500781
2
459561500782
19
459561500783
1803
459561500786
592
459561500787
537
459561500788
1417
459561500789
850
459561500790
21
459561500791
334
459561500793
1
463856452257
122
463856452260
14
463856452265
17
463856452275
128
463856452278
6
463856452280
2
463856452284
4
463856452285
13
463856452481
23
463856452485
31
463856452493
1
463856452505
59
463856452540
2
463856452738
48
463856452763
4
463856452769
9
463856452787
3
463856452796
33
463856455300
1
463856468000
279
463856468002
3
463856468007
32
463856468008
3
463856468009
4
463856468012
2
463856468013
23
463856468014
8
463856468015
1
463856468018
2
463856468019
1
463856468065
1190
463856468066
38
463856468067
9
463856468068
35
463856468069
1159
463856468070
6
463856468071
132
463856468072
1
463856468073
1424
463856468074
20
463856468075
57
463856468076
174
463856468077
39
463856468078
819
463856468079
1361
463856468080
3
463856468081
1
463856468082
1
463856468083
156
463856468084
144
463856468085
622
463856468086
6
463856468087
13
463856468089
9
463856468090
1
468151419553
15
468151419556
37
468151419558
14
468151419560
1
468151419561
21
468151419565
7
468151419571
69
468151419572
29
468151419573
2
468151419574
3
468151419580
1
468151419777
2
468151419781
14
468151419795
1
468151419799
2
468151419801
137
468151419819
5
468151420036
1
468151420049
1
468151420079
1
468151435296
1604
468151435298
5
468151435302
2
468151435305
5
468151435308
130
468151435309
10
468151435310
19
468151435311
1
468151435322
3
468151435323
4
468151435361
1165
468151435362
57
468151435363
16
468151435364
9
468151435365
962
468151435366
3
468151435367
6
468151435368
1
468151435369
1350
468151435371
2
468151435372
4
468151435373
92
468151435374
268
468151435375
623
468151435376
71
468151435378
5
468151435379
30
468151435380
9
468151435381
348
468151435382
4
468151435383
2
468151435385
136
472446386849
5
472446386852
10
472446386857
47
472446386861
1
472446386867
24
472446386870
3
472446386876
1
472446387073
8
472446387077
6
472446387095
10
472446387097
2
472446387099
6
472446387115
1
472446387330
4
472446387345
1
472446387377
1
472446402592
740
472446402594
38
472446402600
1
472446402601
28
472446402604
22
472446402605
18
472446402606
3
472446402607
9
472446402611
1
472446402613
1
472446402614
2
472446402618
1
472446402619
1
472446402657
1908
472446402658
4
472446402659
158
472446402660
612
472446402661
2121
472446402662
110
472446402663
281
472446402664
31
472446402665
6169
472446402666
1
472446402667
617
472446402668
47
472446402669
56
472446402670
272
472446402671
847
472446402672
26
472446402673
3
472446402674
20
472446402675
416
472446402676
831
472446402677
125
472446402678
9
472446402679
10
472446402681
1704
472446402682
19
476741354145
43
476741354148
14
476741354150
5
476741354151
6
476741354153
40
476741354157
132
476741354163
25
476741354166
2
476741354170
1
476741354173
14
476741354369
3
476741354373
116
476741354381
9
476741354391
12
476741354393
24
476741354395
2
476741354411
2
476741354641
3
476741354684
108
476741354686
9
476741369888
2758
476741369890
28
476741369897
8
476741369900
132
476741369901
70
476741369902
11
476741369903
27
476741369914
2
476741369915
6
476741369953
10
476741369954
587
476741369955
332
476741369956
2108
476741369957
55
476741369958
250
476741369959
944
476741369960
11
476741369961
40
476741369962
111
476741369963
702
476741369964
1359
476741369965
968
476741369966
1780
476741369967
83
476741369968
394
476741369969
1
476741369970
1333
476741369971
1049
476741369972
659
476741369973
119
476741369974
182
476741369975
2783
476741369976
2
476741369977
20
476741369978
288
481036321677
1
481036321697
21
481036321699
25
481036321719
1
481036321922
211
481036321924
135
481036321945
2
481036321947
619
481036321953
15
481036321978
2
481036321980
218
481036321982
1
481036324271
3
481036324274
1
481036324275
25
481036324276
6
481036324280
1
481036324282
2
481036324283
28
481036324284
7
481036324480
3
481036324481
1
481036324482
3
481036324485
8
481036324487
3
481036324488
1
481036337184
29
481036337186
2
481036337198
16
481036337199
5
481036337210
1
481036337249
882
481036337251
7
481036337253
655
481036337254
23
481036337256
32
481036337257
653
481036337259
78
481036337260
462
481036337262
60
481036337263
2184
481036337264
25
481036337266
2265
481036337267
104
481036337268
45
481036337269
202
481036337273
4
485331288740
13
485331288742
4
485331288745
38
485331288749
2
485331288755
66
485331288756
4
485331288757
1
485331288762
2
485331288961
1
485331288979
2
485331288985
5
485331289218
20
485331289241
1
485331289249
1
485331304480
1
485331304489
2
485331304545
1
485331304565
129
485331304567
1
489626271776
491
489626271778
61
489626271784
16
489626271785
16
489626271788
16
489626271789
16
489626271790
423
489626271791
23
489626271794
1
489626271841
1817
489626271842
47
489626271843
518
489626271844
430
489626271845
1590
489626271846
4
489626271847
465
489626271848
32
489626271849
700
489626271850
10
489626271851
157
489626271852
81
489626271853
317
489626271854
126
489626271855
1499
489626271856
35
489626271857
24
489626271858
54
489626271859
620
489626271860
611
489626271861
531
489626271862
44
489626271863
188
489626271865
632
489626271866
2025
493921223329
12
493921223332
8
493921223333
2
493921223337
15
493921223338
1
493921223341
5
493921223347
239
493921223350
4
493921223352
1
493921223354
1
493921223356
17
493921223553
1
493921223557
26
493921223571
1
493921223577
23
493921223585
12
493921223587
7
493921223595
4
493921223851
1
493921223855
1
493921223870
1
493921239072
627
493921239074
26
493921239081
14
493921239084
28
493921239085
22
493921239086
8
493921239087
13
493921239093
1
493921239094
1
493921239099
3
493921239137
315
493921239138
27
493921239139
335
493921239140
7
493921239141
276
493921239142
10
493921239143
11
493921239144
40
493921239145
1243
493921239146
68
493921239147
1096
493921239148
127
493921239149
18
493921239150
39
493921239151
406
493921239152
629
493921239154
9
493921239155
118
493921239156
3474
493921239157
218
493921239158
59
493921239159
44
493921239161
312
493921239162
1505
498216190625
1
498216190627
1
498216190628
4
498216190633
6
498216190637
2
498216190643
113
498216190648
2
498216190652
3
498216190849
4
498216190853
54
498216191106
196
498216206368
818
498216206370
48
498216206376
20
498216206377
13
498216206380
65
498216206381
11
498216206382
322
498216206383
23
498216206386
1
498216206387
1
498216206388
4
498216206389
1
498216206390
1
498216206394
1
498216206395
13
498216206433
2024
498216206434
8
498216206435
7
498216206436
5
498216206437
2389
498216206438
11
498216206439
5
498216206440
150
498216206441
580
498216206442
3
498216206443
154
498216206444
35
498216206445
5
498216206446
260
498216206447
1052
498216206448
11
498216206450
887
498216206451
201
498216206452
48
498216206453
1171
498216206454
92
498216206455
1104
498216206457
1582
498216206458
4
502511157920
44
502511157921
14
502511157924
27
502511157925
4
502511157926
1
502511157928
3
502511157929
76
502511157933
13
502511157939
613
502511157942
1
502511157946
12
502511157948
4
502511158145
17
502511158149
55
502511158163
1
502511158169
148
502511158187
1
502511158402
5
502511158425
6
502511158443
17
502511158447
2
502511160751
1
502511173664
1265
502511173666
6
502511173673
9
502511173676
67
502511173677
2
502511173678
35
502511173679
1
502511173683
1
502511173691
6
502511173729
43
502511173730
525
502511173731
166
502511173732
329
502511173733
103
502511173734
14
502511173735
219
502511173736
8
502511173737
65
502511173738
361
502511173739
360
502511173740
256
502511173741
447
502511173742
778
502511173743
54
502511173744
177
502511173746
989
502511173747
461
502511173748
340
502511173749
21
502511173750
40
502511173751
46
502511173752
37
502511173754
315
506806125215
1
506806125223
1
506806125225
4
506806125229
1
506806125233
3
506806125235
1
506806125453
6
506806125473
1
506806125475
4
506806125698
283
506806125729
28
506806125756
61
506806125758
4
506806140960
92
506806140962
2
506806140969
5
506806140972
17
506806140974
13
506806140986
1
506806141025
212
506806141026
11
506806141028
3
506806141029
513
506806141033
148
506806141034
4
506806141035
1
506806141036
13
506806141037
6
506806141038
32
506806141039
105
506806141041
2
506806141042
7
506806141043
7
506806141044
4
506806141045
2
506806141046
2
506806141049
41
511101092513
12
511101092516
4
511101092517
11
511101092518
1
511101092521
14
511101092525
16
511101092541
6
511101092763
10
511101093025
10
511101095345
4
511101095348
1
511101095349
4
511101095353
2
511101095556
5
511101095561
1
511101108256
2409
511101108258
4
511101108265
3
511101108268
76
511101108269
11
511101108270
7
511101108271
3
511101108282
6
511101108283
2
511101108321
2386
511101108323
167
511101108324
16
511101108325
839
511101108327
57
511101108328
3
511101108329
1539
511101108331
22
511101108332
27
511101108333
1
511101108334
408
511101108335
1072
511101108336
35
511101108338
34
511101108339
570
511101108340
2
511101108341
49
511101108343
2
511101108345
1659
511101108346
38
515396059827
66
515396060037
72
515396060057
10
515396060290
189
515396075552
37
515396075561
2
515396075565
1
515396075567
1
515396075617
47
515396075619
1
515396075621
36
515396075625
16
515396075627
3
515396075632
3
519691027113
1
519691042848
1909
519691042850
21
519691042857
14
519691042860
174
519691042861
1
519691042862
17
519691042863
6
519691042867
2
519691042874
1
519691042875
12
519691042913
60
519691042914
51
519691042915
2030
519691042916
335
519691042917
10
519691042918
9
519691042919
77
519691042920
2
519691042921
8
519691042922
207
519691042923
573
519691042924
72
519691042925
1148
519691042926
355
519691042927
3
519691042928
340
519691042930
206
519691042931
533
519691042932
503
519691042934
1
519691042935
544
519691042938
68
523985994401
6
523985994413
6
523985994419
7
523985994422
2
523985994631
70
523985994882
75
523985994907
17
523985994913
2
523985994940
79
523986010144
1065
523986010146
1
523986010153
1
523986010156
14
523986010158
35
523986010209
2313
523986010210
53
523986010211
149
523986010212
186
523986010213
1985
523986010215
130
523986010216
2
523986010217
1162
523986010218
62
523986010219
376
523986010220
12
523986010221
65
523986010222
1244
523986010223
458
523986010224
103
523986010226
19
523986010227
12
523986010228
548
523986010229
120
523986010231
113
523986010233
1144
523986010234
5
528280961697
49
528280961709
2
528280961715
15
528280961724
3
528280961921
1
528280961925
220
528280961945
140
528280962178
433
528280962193
2
528280962201
4
532575944736
2652
18438158623063408672
131
18438158623063408747
1
18438158623063408748
3
18438158666013081700
1
18446676586888429600
2
18446676586888429667
1
18446676586888429676
1
18446676586888429680
1
18446676591183396896
45
18446676595478364192
144
18446676595478364201
7
18446676595478364259
9
18446676595478364260
4
18446676595478364263
39
18446676595478364266
2
18446676595478364267
1
18446676595478364268
15
18446676595478364269
2
18446676595478364270
14
18446676595478364272
8
18446676595478364274
24
18446676595478364275
11
18446676595478364276
18
18446676595478364278
4
18446676595478364282
2
18446676599773316232
1
18446676599773316249
4
18446676599773316286
2
18446676604068298863
4
18446676608363266093
1
18446676608363266095
1
18446676608363266146
3
18446676608363266148
11
18446676608363266150
2
18446676608363266151
3
18446676608363266153
2
18446676608363266155
31
18446676608363266156
10
18446676608363266157
3
18446676608363266158
21
18446676608363266162
42
18446676608363266163
6
18446676608363266164
26
18446676608363266169
1
18446676612658217631
2
18446676612658217636
13
18446676612658233442
1
18446676612658233444
2
18446676612658233445
4
18446676612658233452
1
18446676612658233458
12
18446676612658233461
1
18446676616953200740
4
18446676616953200743
14
18446676616953200747
1
18446676616953200748
1
18446676616953200749
1
18446676616953200750
1
18446676616953200754
2
18446676616953200755
2
18446676616953200758
1
18446676621248168033
6
18446676625543119523
3
18446676625543135346
16
18446676625543135347
1
18446676629838102560
53
18446676629838102562
1
18446676629838102568
2
18446676629838102625
9
18446676629838102627
41
18446676629838102628
60
18446676629838102629
2
18446676629838102631
7
18446676629838102632
10
18446676629838102635
17
18446676629838102636
8
18446676629838102637
8
18446676629838102638
13
18446676629838102639
3
18446676629838102640
6
18446676629838102642
36
18446676629838102643
48
18446676629838102644
29
18446676629838102646
1
18446676629838102650
1
18446676634133054121
2
18446676634133069934
1
18446676634133069940
1
18446676634133069941
1
18446676638428037167
38
18446676647017971744
116
18446676647017971746
7
18446676647017971753
1
18446676647017971756
2
18446676647017971809
44
18446676647017971811
7
18446676647017971812
2
18446676647017971814
1
18446676647017971816
2
18446676647017971817
1
18446676647017971819
13
18446676647017971820
1
18446676647017971821
12
18446676647017971822
20
18446676647017971826
1
18446676647017971827
4
18446676647017971828
20
18446676647017971830
2
18446676647017971834
4
18446676651312939124
1
18446676664197840993
41
18446676672787775520
5
18446676672787775586
75
18446676672787775587
38
18446676672787775588
53
18446676672787775591
60
18446676672787775594
3
18446676672787775595
12
18446676672787775596
249
18446676672787775597
1
18446676672787775598
11
18446676672787775600
2
18446676672787775602
446
18446676672787775603
6
18446676672787775604
9
18446676672787775607
861
18446676672787775610
4
18446676677082727554
47
18446676677082727610
11
18446676677082727612
36
18446676677082742893
29
18446676677082742898
4
18446676681377710180
1
18446676681377710181
1
18446676681377710188
1
18446676681377710192
6
18446676685672677408
2
18446676685672677423
1
18446676685672677478
1
18446676685672677479
14
18446676685672677480
2
18446676685672677483
1
18446676685672677485
1
18446676685672677486
4
18446676685672677488
1
18446676685672677490
17
18446676685672677491
40
18446676685672677492
7
18446676685672677494
3
18446676694262612066
1
18446676694262612068
1
18446676694262612071
2
18446676694262612074
4
18446676694262612076
1
18446676694262612078
2
18446676694262612082
6
18446676702852546658
2
18446676702852546660
9
18446676702852546674
14
18446676702852546675
1
18446676702852546676
1
18446676702852546682
3
18446676711442481250
14
18446676711442481252
1
18446676711442481254
16
18446676711442481255
7
18446676711442481256
1
18446676711442481260
15
18446676711442481262
7
18446676711442481266
18
18446676711442481267
2
18446676711442481274
1
18446676715737432735
1
18446676715737448480
22
18446676715737448547
10
18446676715737448564
3
18446677557551038496
10
18446677557551038563
7
18446677557551038564
2
18446677557551038570
1
18446677557551038572
3
18446677557551038573
4
18446677557551038574
2
18446677557551038578
19
18446677557551038579
8
18446677557551038580
19
18446677561845990590
1
18446677574730907680
582
18446677574730907692
57
18446677574730907694
2
18446677574730907707
1
18446677574730907747
1119
18446677574730907748
78
18446677574730907751
31
18446677574730907760
27
18446677574730907763
1
18446677574730907764
14
18446677574730907770
105
18446677579025859463
8
18446677579025859714
1
18446677579025859772
11
18446677583320842272
361
18446677583320842284
11
18446677583320842298
2
18446677583320842349
3
18446677600500711456
1
18446677600500711525
5
18446677600500711529
11
18446677600500711530
7
18446677604795663243
2
18446677609090646113
2
18446677609090646117
63
18446677609090646121
2
18446677609090646122
1
18446677609090646126
15
18446677613385597613
2
18446677634860449824
1
18446677634860449891
1
18446677634860449892
1
18446677634860449898
1
18446677634860449901
1
18446677634860449906
2
18446677639155401889
2
18446677652040319008
6
18446677652040319082
10
18446677652040319091
8
18446677660630253600
306
18446677660630253612
15
18446677660630253614
1
18446677660630253666
39
18446677660630253667
158
18446677660630253668
104
18446677660630253671
124
18446677660630253675
39
18446677660630253676
2
18446677660630253680
142
18446677660630253683
8
18446677660630253684
121
18446677660630253687
2
18446677660630253690
8
18446677664925205383
23
18446677664925205634
17
18446677664925205659
23
18446677664925205692
3
18446677669220188194
2
18446677669220188260
7
18446677669220188268
3
18446677669220188270
2
18446677669220188274
3
18446677669220188276
4
18446677673515140249
1
18446677694989991968
1
18446677694989992037
4
18446677694989992041
34
18446677703579926625
2
18446677703579926633
34
18446677703579926645
2
18446677720759795809
3
18446677720759795826
1
18446677725054747559
1
18446677737939664994
13
18446677737939664996
3
18446677737939664999
3
18446677737939665006
6
18446677737939665012
2
18446677789479272553
9
18446677810954109025
3
18446677810954109045
1
18446677819544043552
1
18446677819544043635
7
18446678661357633568
296
18446678661357633570
1
18446678661357633580
3
18446678661357633594
46
18446678661357633633
528
18446678661357633634
1
18446678661357633635
455
18446678661357633636
1
18446678661357633637
70
18446678661357633638
1
18446678661357633643
4
18446678661357633644
5
18446678661357633646
149
18446678661357633647
678
18446678661357633648
9
18446678661357633653
204
18446678661357633657
161
18446678665652585139
53
18446678665652585349
201
18446678665652585369
7
18446678669947568160
79
18446678669947568169
1
18446678669947568172
9
18446678669947568174
1
18446678669947568227
132
18446678669947568243
475
18446678687127437427
1
18446678725782143008
4
18446678725782143021
1
18446678725782143079
2
18446678725782143081
2
18446678725782143090
1
18446678725782143098
1
18446678760141881376
2
18446678760141881378
1
18446678760141881388
2
18446678760141881445
4
18446678760141881454
3
18446678760141881455
3
18446678760141881459
12
18446678764436832941
6
18446678768731815968
1
18446678768731816035
556
18446678768731816044
211
18446678768731816045
5
18446678768731816046
24
18446678768731816050
140
18446678768731816055
260
18446678773026767751
118
18446678794501619744
1
18446678794501619809
5
18446678794501619811
5
18446678794501619813
25
18446678794501619819
55
18446678794501619822
1
18446678794501619823
2
18446678794501619824
5
18446678794501619828
12
18446678798796571309
2
18446678798796571563
3
18446678798796571809
2
18446678837451292786
16
18446678837451292788
2
18446678841746244769
2
18446678854631161888
1
18446678854631161890
2
18446678854631161965
1
18446678854631161971
10
18446678863221096566
1
18446678871811031072
6
18446678901875802144
9
18446678901875802212
27
18446678901875802221
1
18446678901875802222
16
18446678906170753927
1
18446678910465736736
83
18446678910465736748
6
18446678910465736801
17
18446678910465736802
15
18446678910465736803
2
18446678910465736804
44
18446678910465736805
320
18446678910465736809
1
18446678910465736810
1
18446678910465736811
4
18446678910465736812
38
18446678910465736814
198
18446678910465736815
20
18446678910465736819
71
18446678910465736821
40
18446678910465736825
218
18446678914760688517
15
18446678919055671342
1
18446678919055671393
2
18446678919055671397
6
18446678919055671401
7
18446678919055671406
2
18446678919055671407
1
18446678919055671413
1
18446678919055671417
10
18446688737350909984
4
18446688741645864372
2
18446688741645864578
39
18446688741645864579
4
18446688741645864580
9
18446688745940831665
1
18446688745940831674
1
18446688745940831675
2
18446688745940831677
2
18446688745940831872
1
18446688745940831873
4
18446688745940844576
66
18446688745940844589
1
18446688750235798972
11
18446688750235799169
2
18446688750235799170
44
18446688750235799172
1
18446688750235811872
1
18446688750235811951
5
18446688754530766257
73
18446688754530766260
3
18446688754530766266
6
18446688754530766271
20
18446688754530766464
3
18446688754530766468
6
18446688754530766473
3
18446688758825746464
67
18446688758825746477
1
18446688758825746479
1
18446688758825746482
1
18446688758825746550
5
18446688763120700847
7
18446688763120700850
1
18446688763120700851
7
18446688763120700852
3
18446688763120700856
9
18446688763120700857
40
18446688763120700858
15
18446688763120700859
7
18446688763120700860
5
18446688763120700861
17
18446688763120700862
1
18446688763120701056
6
18446688763120701057
20
18446688763120701058
30
18446688763120701059
10
18446688763120701060
69
18446688763120701061
4
18446688763120701062
7
18446688767415668145
3
18446688767415668149
2
18446688767415668153
4
18446688767415668159
7
18446688767415681135
1
18446688767415681142
2
18446688771710635437
1
18446688771710635439
49
18446688771710635441
4
18446688771710635443
12
18446688771710635445
28
18446688771710635447
1
18446688771710635449
23
18446688771710635450
2
18446688771710635453
4
18446688771710635455
3
18446688771710635649
8
18446688771710635653
2
18446688771710648431
6
18446688776005602735
4
18446688776005602737
1
18446688776005602741
13
18446688776005602743
1
18446688776005602745
24
18446688776005602751
13
18446688776005602945
5
18446688776005602953
2
18446688776005615648
3
18446688776005615657
2
18446688776005615662
3
18446688776005615734
2
18446688780300570031
22
18446688780300570034
2
18446688780300570035
9
18446688780300570036
2
18446688780300570037
4
18446688780300570040
5
18446688780300570041
31
18446688780300570042
9
18446688780300570043
43
18446688780300570044
1
18446688780300570045
8
18446688780300570240
14
18446688780300570241
10
18446688780300570243
3
18446688780300570244
3
18446688780300570245
35
18446688780300570246
2
18446688780300570247
11
18446688780300570253
1
18446688784595550240
10
18446688784595550326
2
18446688788890504627
1
18446688788890504635
10
18446688788890504636
4
18446688788890504637
12
18446688788890504833
2
18446688788890504834
14
18446688788890504835
11
18446688788890504836
17
18446688788890504839
3
18446688788890517545
1
18446688788890517615
7
18446688793185471921
2
18446688793185471925
5
18446688793185471927
4
18446688793185471933
5
18446688793185471935
4
18446688793185472129
3
18446688793185472142
3
18446688793185484832
17
18446688793185484846
3
18446688793185484911
13
18446688793185484918
5
18446688797480439212
4
18446688797480439217
43
18446688797480439220
24
18446688797480439221
5
18446688797480439223
7
18446688797480439226
135
18446688797480439228
5
18446688797480439229
7
18446688797480439231
24
18446688797480439424
1
18446688797480439425
17
18446688797480439427
25
18446688797480439428
6
18446688797480439433
1
18446688797480439438
3
18446688797480452207
1
18446688801775406508
4
18446688801775406510
93
18446688801775406513
22
18446688801775406516
1
18446688801775406517
6
18446688801775406519
8
18446688801775406527
14
18446688801775406720
4
18446688801775406721
4
18446688801775406724
12
18446688801775406732
30
18446688801775406733
39
18446688801775406734
7
18446688801775419503
28
18446688806070373804
40
18446688806070373806
7
18446688806070373807
1
18446688806070373809
4
18446688806070373813
14
18446688806070373815
2
18446688806070373817
7
18446688806070373819
42
18446688806070373820
3
18446688806070373823
35
18446688806070374021
2
18446688806070374022
2
18446688806070374025
4
18446688806070374030
2
18446688806070386799
2
18446688810365341100
5
18446688810365341101
3
18446688810365341102
6
18446688810365341103
4
18446688810365341105
46
18446688810365341106
7
18446688810365341109
5
18446688810365341111
4
18446688810365341113
6
18446688810365341116
3
18446688810365341119
5
18446688810365341312
1
18446688810365341317
1
18446688810365341321
2
18446688810365341326
2
18446688810365354016
37
18446688810365354030
1
18446688810365354031
1
18446688810365354095
6
18446688814660308399
3
18446688814660308401
10
18446688814660308404
1
18446688814660308405
13
18446688814660308407
1
18446688814660308409
24
18446688814660308415
34
18446688814660308612
12
18446688814660308617
9
18446688814660308622
5
18446688818955275705
1
18446688818955288608
34
18446688818955288621
2
18446688823250242991
2
18446688823250242993
1
18446688823250242994
1
18446688823250242995
32
18446688823250242996
16
18446688823250243000
1
18446688823250243001
18
18446688823250243002
5
18446688823250243003
40
18446688823250243004
5
18446688823250243005
19
18446688823250243200
10
18446688823250243201
6
18446688823250243202
55
18446688823250243203
16
18446688823250243204
4
18446688823250243205
36
18446688823250243206
2
18446688823250243207
2
18446688823250243208
1
18446688823250243213
16
18446689647883976745
1
18446689647883976815
1
18446689647883976822
1
18446689652178931121
26
18446689652178931125
5
18446689652178931128
1
18446689652178931129
19
18446689652178931131
6
18446689652178931133
1
18446689652178931135
24
18446689652178931329
49
18446689652178931332
15
18446689652178931333
2
18446689652178931340
1
18446689652178944111
14
18446689656473898413
1
18446689656473898417
17
18446689656473898419
30
18446689656473898420
2
18446689656473898421
4
18446689656473898423
6
18446689656473898424
4
18446689656473898425
51
18446689656473898428
5
18446689656473898431
67
18446689656473898629
4
18446689656473898631
12
18446689656473898633
2
18446689656473898636
9
18446689656473898637
2
18446689656473898638
3
18446689656473911328
185
18446689656473911330
2
18446689656473911340
2
18446689665063833006
1
18446689665063833007
2
18446689665063833009
3
18446689665063833015
23
18446689665063833016
2
18446689665063833017
7
18446689665063833018
6
18446689665063833023
4
18446689665063833219
3
18446689665063833220
33
18446689665063833221
7
18446689665063833223
9
18446689665063833225
1
18446689665063833228
1
18446689665063845934
3
18446689665063845999
8
18446689669358800300
2
18446689669358800301
6
18446689669358800302
10
18446689669358800303
7
18446689669358800305
14
18446689669358800309
21
18446689669358800311
26
18446689669358800313
51
18446689669358800315
5
18446689669358800316
6
18446689669358800319
35
18446689669358800513
53
18446689669358800515
1
18446689669358800517
13
18446689669358800521
6
18446689669358800524
3
18446689669358813216
16
18446689669358813228
1
18446689669358813302
1
18446689673653767603
10
18446689673653767612
18
18446689673653767613
2
18446689673653767808
9
18446689673653767809
35
18446689673653767811
2
18446689673653767812
28
18446689673653767815
19
18446689677948734894
5
18446689677948734897
3
18446689677948734904
2
18446689677948735105
4
18446689677948735109
4
18446689677948735118
2
18446689677948747887
2
18446689682243702191
15
18446689682243702193
3
18446689682243702197
17
18446689682243702201
16
18446689682243702205
10
18446689682243702207
10
18446689682243702414
1
18446689686538669701
6
18446689686538682486
1
18446689690833636796
5
18446689690833636797
17
18446689690833636992
1
18446689690833636995
3
18446689690833636996
6
18446689699423584288
19
18446689703718538674
1
18446689703718538675
1
18446689703718538684
3
18446689703718538685
9
18446689703718538882
4
18446689703718538884
7
18446689703718551584
6
18446689708013505979
7
18446689708013505980
2
18446689708013506176
39
18446689708013506177
1
18446689708013506180
1
18446689708013506183
2
18446689708013518966
1
18446689712308473268
1
18446689712308473271
2
18446689712308473277
17
18446689712308473279
1
18446689712308473473
6
