2307
137438953506
130
137438953511
1
137438953512
577
137438953515
1
137438953517
2
137438953518
1
137438953519
1
137438953521
839
137438953522
440
137438953523
184
137438953524
130
137438953525
216
137438953526
51
137438953527
44
137438953528
35
137438953529
14
137438953563
75
137438953569
4692
137438953570
529
137438953571
2908
137438953572
8119
137438953573
4510
137438953574
1377
137438953575
454
137438953576
220
137438953577
1099
137438953578
224
137438953579
279
137438953580
467
137438953581
1695
137438953582
1883
137438953583
2121
137438953584
3769
137438953585
985
137438953586
1315
137438953587
1997
137438953588
1542
137438953589
1173
137438953590
563
137438953591
77
137438953592
1
137438953593
52
137438953594
96
137438953596
2652
141731921812
101
141733905056
263
141733905057
54
141733905058
35
141733905060
8
141733905061
1
141733905065
53
141733905066
8
141733905069
1
141733905075
10
141733905077
6
141733905078
4
141733905080
2
141733905082
30
141733905084
19
141733905281
6
141733905291
5
141733905293
5
141733905313
3
141733905315
2
141733905335
6
141733905538
3
141733905561
2
141733905563
3
141733905569
37
141733905598
2
141733907884
3
141733907886
3
141733907889
41
141733907890
3
141733907891
11
141733907892
7
141733907893
38
141733907895
1
141733907896
9
141733907897
18
141733907898
22
141733907899
1
141733907900
17
141733907901
25
141733907903
24
141733908096
49
141733908097
3
141733908099
23
141733908100
28
141733908101
13
141733908102
7
141733908103
13
141733908104
4
141733908105
2
146028888096
84
146028888105
70
146028888108
18
146028888110
3
146028888122
9
146028888157
11
146028888161
26
146028888162
22
146028888163
13
146028888164
34
146028888165
13
146028888166
22
146028888167
6
146028888168
4
146028888169
8
146028888171
20
146028888172
16
146028888173
71
146028888174
11
146028888175
17
146028888176
26
146028888177
1
146028888178
5
146028888179
27
146028888180
10
146028888181
13
146028888182
17
146028888183
3
146028888186
5
150321856404
2
150323839657
1
150323839674
1
150323839676
1
150323839885
2
150323842495
1
163208757363
2
167503724576
16
167503724641
15
167503724645
49
167503724648
1
167503724649
6
167503724655
3
167503724659
1
167503724661
1
171798676137
6
171798678961
1
171798691874
231
171798691885
4
171798691889
14
171798691890
11
171798691891
11
171798691892
6
171798691893
1
171798691894
1
171798691895
1
171798691896
1
171798691897
1
171798691937
97
171798691938
18
171798691939
25
171798691940
41
171798691941
30
171798691942
17
171798691943
2
171798691944
5
171798691945
37
171798691946
13
171798691947
1
171798691948
9
171798691949
14
171798691950
11
171798691951
5
171798691952
21
171798691954
14
171798691955
21
171798691956
20
171798691957
6
171798691958
8
171798691959
1
171798691961
2
171798691962
1
176093643432
10
176093643433
1
176093643452
1
176093646257
1
176093646261
1
176093646266
1
176093646468
4
176093659168
574
176093659170
24
176093659176
1
176093659177
2
176093659180
80
176093659182
5
176093659183
10
176093659186
1
176093659195
14
176093659229
1
176093659233
4
176093659234
3
176093659235
7
176093659236
37
176093659240
1
176093659241
1
176093659244
2
176093659247
1
176093659252
4
176093659253
10
176093659254
2
184683593760
1
188978561056
2481
188978561058
2
188978561068
1
188978561074
1
188978561075
1
188978561124
4
188978561135
2
193273515651
1
193273528352
428
193273528364
8
193273528365
336
193273528368
1
193273528369
5
193273528371
2
193273528372
1
193273528374
2
193273528375
9
193273528376
10
193273528417
34
193273528418
3
193273528419
12
193273528420
9
193273528421
13
193273528422
28
193273528423
12
193273528424
4
193273528425
19
193273528426
4
193273528427
6
193273528428
22
193273528429
391
193273528430
19
193273528431
18
193273528432
6
193273528433
2
193273528434
11
193273528435
46
193273528436
12
193273528437
4
193273528438
8
193273528439
1
197568479905
6
197568479907
1
197568479913
1
197568480161
1
197568480167
1
197568482739
2
197568482944
1
197568495648
523
197568495650
8
197568495657
42
197568495660
1
197568495661
5
197568495665
108
197568495666
120
197568495667
54
197568495668
25
197568495669
19
197568495670
19
197568495671
19
197568495672
3
197568495673
2
197568495674
2
197568495713
36
197568495714
7
197568495715
10
197568495716
39
197568495717
17
197568495718
4
197568495719
1
197568495720
7
197568495721
10
197568495723
8
197568495724
1
197568495725
11
197568495726
3
197568495727
323
197568495728
1
197568495730
6
197568495731
9
197568495732
13
197568495733
24
197568495734
14
197568495738
3
201863447201
1
201863447222
1
201863450037
3
201863450041
3
201863450042
2
201863450044
1
201863450045
2
201863450240
10
201863450244
2
201863450245
4
201863462944
26
201863462961
56
201863462962
25
201863462963
23
201863462964
26
201863462965
7
201863462966
5
201863462967
1
201863462969
2
201863463009
30
201863463010
79
201863463011
88
201863463012
20
201863463013
10
201863463014
40
201863463015
6
201863463016
26
201863463017
8
201863463019
13
201863463020
13
201863463021
12
201863463022
4
201863463023
17
201863463024
19
201863463026
5
201863463027
9
201863463028
6
201863463029
4
201863463030
6
201863463033
2
201863463034
2
206158414518
2
206158417338
1
206158417340
1
206158430240
131
206158430249
10
206158430252
12
206158430254
31
206158430255
13
206158430256
235
206158430257
18
206158430258
17
206158430259
18
206158430260
123
206158430261
11
206158430262
14
206158430263
17
206158430264
3
206158430265
2
206158430267
1
206158430301
6
206158430305
1
206158430306
1
210453397536
318
210453397545
14
210453397548
24
210453397549
2
210453397550
246
210453397551
12
210453397552
42
210453397553
36
210453397554
46
210453397555
36
210453397556
28
210453397557
28
210453397558
19
210453397559
19
210453397560
24
210453397561
436
210453397597
14
214748364832
145
214748364841
6
214748364844
54
214748364846
178
214748364847
20
214748364848
263
214748364849
30
214748364850
15
214748364851
48
214748364852
36
214748364853
24
214748364854
9
214748364855
15
214748364856
35
214748364857
17
214748364859
1
214748364893
11
219043332128
123
219043332137
5
219043332140
18
219043332141
1
219043332142
149
219043332143
12
219043332144
20
219043332145
51
219043332146
11
219043332147
20
219043332148
25
219043332149
19
219043332150
42
219043332151
21
219043332152
25
219043332153
18
219043332154
2
219043332189
10
223338299424
229
223338299433
7
223338299436
26
223338299438
109
223338299439
18
223338299440
27
223338299441
10
223338299442
10
223338299443
14
223338299444
14
223338299445
20
223338299446
20
223338299447
11
223338299448
14
223338299449
7
223338299450
2
223338299485
10
227633266720
76
227633266729
10
227633266732
14
227633266734
240
227633266735
21
227633266736
13
227633266737
17
227633266738
12
227633266739
10
227633266740
9
227633266741
13
227633266742
11
227633266743
5
227633266744
24
227633266745
9
227633266781
10
231928234016
66
231928234024
3
231928234025
8
231928234028
2
231928234030
77
231928234031
22
231928234032
11
231928234033
11
231928234034
6
231928234035
4
231928234036
17
231928234037
4
231928234038
4
231928234039
3
231928234040
25
231928234041
14
231928234043
1
231928234077
8
236223201312
49
236223201321
6
236223201324
15
236223201326
59
236223201327
30
236223201328
10
236223201329
19
236223201330
4
236223201331
5
236223201332
1
236223201333
15
236223201334
27
236223201335
21
236223201336
19
236223201337
10
236223201373
6
240518168608
72
240518168617
5
240518168620
12
240518168622
57
240518168623
52
240518168624
36
240518168625
12
240518168626
13
240518168627
19
240518168628
14
240518168629
34
240518168630
15
240518168631
26
240518168632
30
240518168633
21
240518168669
6
244813135904
69
244813135913
4
244813135916
11
244813135917
3
244813135918
22
244813135919
28
244813135920
8
244813135921
14
244813135922
15
244813135923
10
244813135924
59
244813135925
42
244813135926
26
244813135927
76
244813135928
163
244813135929
173
244813135965
6
249108103200
136
249108103268
2
253403070496
84
253403070561
1
253403070581
16
261993005088
2
390842023970
26
390842023985
44
390842023986
20
390842023987
4
390842023988
4
390842023989
4
390842023990
4
390842023991
4
390842023992
4
390842023993
4
390842024033
3
390842024035
1
399431958560
73
399431958572
17
399431958574
1
399431958645
1
412316860448
6
416611827744
6347
416611827746
51
416611827751
16
416611827753
118
416611827756
384
416611827757
16
416611827758
27
416611827759
44
416611827762
5
416611827770
1
416611827771
18
416611827808
6
416611827809
69
416611827810
429
416611827811
1027
416611827812
2773
416611827813
37
416611827814
77
416611827815
294
416611827816
12
416611827817
616
416611827818
12
416611827819
127
416611827820
2034
416611827821
879
416611827822
2214
416611827823
237
416611827824
412
416611827825
29
416611827826
2616
416611827827
2524
416611827828
1252
416611827829
427
416611827830
199
416611827831
16
416611827832
30
416611827834
71
420906779303
1613
420906779309
61
420906779310
1
420906779313
38
420906779322
48
420906779531
3
420906779533
4
420906779559
2
420906779580
2
420906779778
26
420906779780
9
420906779801
13
420906779803
2
420906779809
3
420906779834
1
420906779838
10
420906795040
46
420906795042
1
420906795049
58
420906795053
1
420906795054
12
420906795105
273
420906795106
9
420906795107
4
420906795108
7
420906795109
542
420906795111
6
420906795113
267
420906795114
27
420906795115
4
420906795116
129
420906795117
6
420906795118
24
420906795119
181
420906795122
699
420906795123
69
420906795124
42
420906795125
56
420906795126
6
420906795129
19
420906795130
2
425201746593
31
425201746601
13
425201746605
1
425201746616
2
425201746620
2
425201746817
6
425201746835
2
425201747089
1
425201762336
27
425201762345
41
425201762349
1
425201762350
17
425201762351
1
425201762358
1
425201762401
1402
425201762403
22
425201762404
1
425201762405
798
425201762408
1023
425201762409
2245
425201762410
15
425201762411
54
425201762412
354
425201762413
6
425201762414
194
425201762415
2869
425201762418
88
425201762419
16
425201762420
1084
425201762421
502
425201762422
1
425201762423
3
425201762425
14
425201762426
41
429496713889
24
429496713890
26
429496713895
84
429496713897
15
429496713898
42
429496713901
202
429496713907
9
429496713914
1
429496714155
10
429496714370
4
429496729632
425
429496729634
10
429496729639
50
429496729641
30
429496729644
6
429496729645
8
429496729646
11
429496729647
2
429496729659
3
429496729697
2604
429496729698
9
429496729699
1
429496729700
6
429496729701
6514
429496729703
2
429496729704
29
429496729705
1926
429496729706
12
429496729707
4
429496729708
14
429496729709
42
429496729710
21
429496729711
3674
429496729712
7
429496729713
66
429496729714
74
429496729715
44
429496729716
6
429496729717
332
429496729718
8
429496729719
13
429496729721
46
429496729722
47
433791681185
65
433791681187
34
433791681188
1
433791681193
13
433791681194
14
433791681197
3
433791681203
4
433791681204
1
433791681205
3
433791681210
34
433791681212
3
433791681421
7
433791681427
2
433791681435
4
433791681451
1
433791681681
1
433791681711
10
433791681722
2
433791696928
8990
433791696930
44
433791696936
11
433791696937
64
433791696940
268
433791696941
36
433791696942
9
433791696943
92
433791696946
5
433791696947
2
433791696948
1
433791696949
1
433791696950
1
433791696954
3
433791696955
10
433791696993
216
433791696994
79
433791696995
2136
433791696996
750
433791696997
235
433791696998
398
433791696999
563
433791697000
33
433791697001
942
433791697002
110
433791697003
232
433791697004
1537
433791697005
1898
433791697006
3747
433791697007
46
433791697008
235
433791697009
176
433791697010
3855
433791697011
4332
433791697012
743
433791697013
382
433791697014
311
433791697015
23
433791697016
691
433791697017
14
433791697018
101
438086648479
1
438086648481
3
438086648484
2
438086648485
2
438086648487
14
438086648493
17
438086648499
36
438086648506
6
438086648715
6
438086648717
5
438086648737
1
438086648766
8
438086648993
1
438086649020
2
438086651323
2
438086664224
131
438086664226
1
438086664233
12
438086664289
389
438086664290
1
438086664293
602
438086664294
20
438086664295
8
438086664296
1
438086664297
1279
438086664298
1
438086664300
31
438086664301
1
438086664303
959
438086664306
93
438086664307
14
438086664308
50
438086664309
66
438086664313
14
442381615777
1
442381615778
1
442381615780
5
442381615785
1
442381615789
31
442381615795
2
442381615798
8
442381615800
5
442381615802
2
442381615804
17
442381616273
2
442381631520
163
442381631522
3
442381631529
10
442381631532
4
442381631533
2
442381631534
24
442381631535
3
442381631585
306
442381631586
1
442381631588
84
442381631589
765
442381631590
7
442381631591
5
442381631592
7
442381631593
1225
442381631595
13
442381631596
15
442381631598
106
442381631599
399
442381631600
1
442381631602
233
442381631603
60
442381631604
12
442381631605
317
442381631607
2
442381631609
141
442381631610
7
446676583073
1
446676583074
2
446676583075
1
446676583076
3
446676583081
24
446676583082
29
446676583085
38
446676583091
8
446676583093
3
446676583094
2
446676583100
4
446676583335
1
446676583554
1
446676583585
1
446676583595
2
446676598816
109
446676598818
1
446676598825
7
446676598829
5
446676598830
15
446676598843
4
446676598881
373
446676598882
17
446676598884
1
446676598885
626
446676598886
1
446676598888
9
446676598889
522
446676598890
2
446676598891
1
446676598892
47
446676598893
2
446676598894
91
446676598895
284
446676598898
25
446676598899
23
446676598900
34
446676598901
85
446676598903
11
446676598905
15
446676598906
2
450971550369
9
450971550372
11
450971550373
1
450971550374
1
450971550377
15
450971550389
1
450971550390
18
450971550392
3
450971550396
1
450971550397
2
450971550593
2
450971566112
440
450971566114
6
450971566121
61
450971566124
19
450971566125
6
450971566126
6
450971566127
44
450971566138
1
450971566139
1
450971566177
1974
450971566178
54
450971566179
2220
450971566180
1618
450971566181
800
450971566182
429
450971566183
638
450971566184
8
450971566185
121
450971566186
328
450971566187
207
450971566188
376
450971566189
829
450971566190
2468
450971566191
1957
450971566192
392
450971566193
96
450971566194
1177
450971566195
2578
450971566196
1840
450971566197
38
450971566198
1165
450971566199
12
450971566200
30
450971566202
321
455266517664
1
455266517665
68
455266517667
7
455266517668
1
455266517671
277
455266517672
3
455266517673
8
455266517674
78
455266517675
38
455266517677
1
455266517683
16
455266517685
2
455266517692
1
455266517899
10
455266517901
10
455266517913
1
455266517943
3
455266518148
2
455266518177
5
455266518195
3
455266518204
1
455266520497
10
455266533408
15
455266533410
2
455266533417
2
455266533422
1
455266533473
493
455266533476
1
455266533477
88
455266533478
1
455266533481
18
455266533483
8
455266533486
35
455266533487
111
455266533491
17
455266533493
140
455266533494
6
455266533498
2
459561484961
7
459561484964
3
459561484966
1
459561484982
1
459561484986
6
459561485185
2
459561485189
18
459561500704
97
459561500706
20
459561500713
7
459561500716
5
459561500717
2
459561500718
1
459561500719
4
459561500730
1
459561500769
343
459561500771
3
459561500772
18
459561500773
125
459561500775
1
459561500776
4
459561500777
179
459561500778
1
459561500779
11
459561500780
82
459561500781
2
459561500782
6
459561500783
283
459561500786
56
459561500787
46
459561500788
220
459561500789
147
459561500790
21
459561500791
7
459561500793
1
463856452257
122
463856452260
14
463856452265
17
463856452278
6
463856452280
2
463856452284
4
463856452285
13
463856452481
23
463856452485
2
463856452493
1
463856452540
2
463856452769
9
463856452787
3
463856455300
1
463856468000
1072
463856468002
12
463856468007
32
463856468008
3
463856468009
16
463856468012
85
463856468013
24
463856468014
24
463856468015
2
463856468018
2
463856468019
1
463856468026
1
463856468027
1
463856468065
1291
463856468066
4
463856468067
19
463856468068
103
463856468069
853
463856468070
6
463856468071
137
463856468072
195
463856468073
1317
463856468074
20
463856468075
32
463856468076
176
463856468077
82
463856468078
24
463856468079
1963
463856468080
3
463856468081
28
463856468082
1
463856468083
134
463856468084
234
463856468085
263
463856468086
17
463856468087
3
463856468089
9
463856468090
1
468151419553
24
468151419554
9
468151419555
1
468151419556
38
468151419558
14
468151419559
4
468151419560
1
468151419561
52
468151419562
2
468151419563
2
468151419565
94
468151419571
101
468151419572
29
468151419573
5
468151419574
3
468151419580
1
468151419777
2
468151419781
1
468151419795
1
468151419801
5
468151419819
5
468151420049
1
468151420079
1
468151435296
1918
468151435298
2
468151435302
2
468151435305
2
468151435308
50
468151435309
31
468151435310
7
468151435311
1
468151435322
1
468151435323
1
468151435361
2519
468151435362
594
468151435364
9
468151435365
2563
468151435366
3
468151435367
6
468151435368
1
468151435369
839
468151435371
2
468151435372
2
468151435373
90
468151435374
19
468151435375
525
468151435376
611
468151435378
4
468151435379
29
468151435380
8
468151435381
112
468151435382
4
468151435383
2
468151435385
3
472446386849
88
472446386851
10
472446386852
10
472446386857
182
472446386858
5
472446386861
199
472446386867
24
472446386870
3
472446386874
6
472446386876
1
472446387073
8
472446387095
10
472446387099
6
472446387115
1
472446387330
1
472446387345
1
472446387377
1
472446402592
608
472446402594
21
472446402600
1
472446402601
27
472446402604
14
472446402605
18
472446402606
112
472446402607
9
472446402611
1
472446402613
1
472446402614
2
472446402618
1
472446402619
1
472446402657
1718
472446402658
4
472446402659
786
472446402660
1173
472446402661
991
472446402662
264
472446402663
389
472446402664
495
472446402665
1634
472446402666
14
472446402667
63
472446402668
47
472446402669
56
472446402670
55
472446402671
1797
472446402672
19
472446402673
4
472446402674
9
472446402675
970
472446402676
2618
472446402677
293
472446402678
34
472446402679
3
472446402681
38
472446402682
18
476741354145
88
476741354147
150
476741354148
14
476741354150
5
476741354151
121
476741354153
41
476741354157
238
476741354163
15
476741354166
2
476741354170
11
476741354173
14
476741354369
3
476741354381
9
476741354391
12
476741354393
15
476741354395
2
476741354411
2
476741354641
3
476741354684
50
476741354686
9
476741369888
9410
476741369890
25
476741369896
24
476741369897
18
476741369900
604
476741369901
316
476741369902
43
476741369903
35
476741369914
105
476741369915
7
476741369949
1
476741369953
101
476741369954
267
476741369955
301
476741369956
439
476741369957
74
476741369958
786
476741369959
698
476741369960
8
476741369961
154
476741369962
68
476741369963
120
476741369964
1203
476741369965
1697
476741369966
2134
476741369967
90
476741369968
251
476741369969
8
476741369970
2540
476741369971
4174
476741369972
232
476741369973
684
476741369974
434
476741369975
33
476741369976
4
476741369977
20
476741369978
28
481036321441
1
481036321447
6
481036321453
2
481036321459
2
481036321677
1
481036321697
21
481036321699
25
481036321719
1
481036321922
9
481036321924
8
481036321945
2
481036321953
16
481036321980
6
481036321982
1
481036324271
3
481036324274
1
481036324275
25
481036324276
6
481036324280
1
481036324282
2
481036324283
28
481036324284
7
481036324480
2
481036324481
1
481036324482
3
481036324485
8
481036324487
3
481036324488
1
481036337184
11
481036337198
32
481036337199
5
481036337249
900
481036337251
4
481036337253
1697
481036337254
23
481036337256
32
481036337257
169
481036337260
641
481036337262
10
481036337263
1249
481036337264
21
481036337266
1730
481036337267
85
481036337268
98
481036337269
92
485331288737
1
485331288740
13
485331288742
4
485331288743
35
485331288745
53
485331288746
3
485331288749
20
485331288755
30
485331288756
5
485331288757
16
485331288762
42
485331288961
1
485331288979
2
485331289218
1
485331289241
1
485331289249
1
485331304480
1
485331304545
1
485331304563
2
485331304565
1769
485331304567
1
489626271776
1555
489626271778
48
489626271784
26
489626271785
19
489626271788
64
489626271789
30
489626271790
21
489626271791
27
489626271794
1
489626271841
2310
489626271842
38
489626271843
525
489626271844
182
489626271845
2914
489626271846
8
489626271847
410
489626271848
32
489626271849
2220
489626271850
11
489626271851
105
489626271852
71
489626271853
1263
489626271854
111
489626271855
2407
489626271856
32
489626271857
264
489626271858
232
489626271859
497
489626271860
974
489626271861
420
489626271862
160
489626271863
13
489626271865
114
489626271866
68
493921223329
300
493921223330
4
493921223331
124
493921223332
8
493921223333
2
493921223335
23
493921223337
37
493921223338
114
493921223341
142
493921223347
35
493921223350
4
493921223352
1
493921223354
4
493921223356
17
493921223553
1
493921223571
1
493921223577
1
493921223585
12
493921223587
7
493921223595
4
493921223851
1
493921223855
1
493921223870
1
493921239072
7376
493921239074
30
493921239080
2
493921239081
45
493921239084
583
493921239085
216
493921239086
40
493921239087
15
493921239093
1
493921239094
1
493921239098
7
493921239099
17
493921239137
618
493921239138
33
493921239139
472
493921239140
55
493921239141
1670
493921239142
49
493921239143
11
493921239144
38
493921239145
1473
493921239146
23
493921239147
336
493921239148
213
493921239149
114
493921239150
8
493921239151
635
493921239152
761
493921239153
3
493921239154
7
493921239155
1418
493921239156
2810
493921239157
408
493921239158
59
493921239159
8
493921239161
77
493921239162
117
498216190625
95
498216190627
274
498216190628
4
498216190633
9
498216190634
4
498216190637
14
498216190643
13
498216190645
55
498216190648
2
498216190652
3
498216190849
4
498216191106
1
498216206368
312
498216206370
30
498216206376
20
498216206377
28
498216206380
13
498216206381
10
498216206382
12
498216206383
22
498216206386
1
498216206387
1
498216206388
4
498216206389
1
498216206390
1
498216206394
1
498216206395
10
498216206433
2259
498216206434
8
498216206435
13
498216206436
5
498216206437
3625
498216206438
4
498216206439
5
498216206440
151
498216206441
2420
498216206442
1
498216206443
24
498216206444
31
498216206445
5
498216206446
44
498216206447
2157
498216206448
1
498216206450
1190
498216206451
196
498216206452
41
498216206453
1322
498216206454
92
498216206455
23
498216206457
77
498216206458
4
502511157920
44
502511157921
142
502511157922
8
502511157923
37
502511157924
27
502511157925
4
502511157926
1
502511157928
3
502511157929
317
502511157930
74
502511157933
391
502511157939
95
502511157941
1
502511157942
1
502511157944
1
502511157946
14
502511157947
4
502511157948
4
502511158145
17
502511158149
15
502511158163
1
502511158187
1
502511158425
6
502511158443
13
502511158447
2
502511160751
1
502511160757
1
502511173664
621
502511173666
4
502511173673
13
502511173676
18
502511173677
3
502511173678
5
502511173679
1
502511173683
1
502511173729
587
502511173730
157
502511173731
72
502511173732
194
502511173733
985
502511173734
27
502511173735
100
502511173736
8
502511173737
797
502511173738
48
502511173739
73
502511173740
788
502511173741
1072
502511173742
892
502511173743
68
502511173744
131
502511173746
1220
502511173747
233
502511173748
744
502511173749
20
502511173750
40
502511173751
12
502511173752
52
502511173754
27
506806125215
1
506806125217
5
506806125218
2
506806125223
101
506806125225
5
506806125226
7
506806125229
59
506806125233
3
506806125247
1
506806125453
6
506806125473
1
506806125475
4
506806125698
9
506806125729
28
506806125758
3
506806140960
60
506806140962
2
506806140969
5
506806140972
19
506806140974
15
506806140986
1
506806140987
2
506806141025
778
506806141026
11
506806141028
3
506806141029
1201
506806141033
777
506806141034
4
506806141035
1
506806141036
13
506806141037
6
506806141038
32
506806141039
265
506806141041
2
506806141042
18
506806141043
7
506806141044
4
506806141045
2
506806141046
2
506806141049
41
511101092513
56
511101092515
4
511101092516
4
511101092517
11
511101092518
1
511101092521
28
511101092522
1
511101092525
21
511101092541
6
511101092763
10
511101093025
10
511101095345
4
511101095348
1
511101095349
4
511101095353
2
511101095556
5
511101095561
1
511101108256
32
511101108258
6
511101108268
2
511101108269
1
511101108270
3
511101108271
5
511101108321
43
511101108325
61
511101108328
3
511101108329
42
511101108331
6
511101108332
1
511101108333
1
511101108334
13
511101108335
10
511101108338
13
511101108339
3
511101108340
1
511101108343
1
511101108345
33
515396060290
4
515396075552
2
515396075561
2
515396075565
36
515396075566
1
515396075567
1
515396075617
170
515396075619
30
515396075621
234
515396075625
144
515396075627
3
515396075631
116
515396075632
74
515396075636
18
515396075637
1
519691027113
1
519691027117
1
519691042848
197
519691042850
16
519691042857
13
519691042860
17
519691042867
2
519691042875
9
519691042913
60
519691042914
2
519691042915
69
519691042916
39
519691042917
10
519691042919
29
519691042920
2
519691042921
7
519691042922
2
519691042923
14
519691042924
26
519691042925
17
519691042926
84
519691042927
3
519691042928
16
519691042930
23
519691042931
73
519691042932
42
519691042934
1
519691042935
1
519691042938
3
523985994401
6
523985994413
6
523985994419
7
523985994422
2
523985994913
2
523985994940
9
523986010144
53
523986010146
1
523986010153
1
523986010156
6
523986010209
281
523986010210
3
523986010211
4
523986010212
23
523986010213
148
523986010215
1
523986010216
1
523986010217
173
523986010218
8
523986010219
25
523986010221
2
523986010222
42
523986010223
74
523986010224
6
523986010227
10
523986010228
37
523986010229
11
523986010231
2
523986010233
13
523986010234
5
528280961697
49
528280961699
3
528280961705
1
528280961706
1
528280961709
2
528280961717
2
528280961724
3
528280961921
1
528280961925
3
528280962193
2
528280962201
4
532575944736
2652
18438158623063408672
99
18438158623063408684
2
18438158623063408747
1
18438158623063408748
3
18446676586888429600
2
18446676586888429667
1
18446676586888429676
1
18446676586888429680
1
18446676591183396896
212
18446676591183396977
2
18446676591183396979
94
18446676595478364192
288
18446676595478364201
7
18446676595478364204
6
18446676595478364205
1
18446676595478364259
37
18446676595478364260
5
18446676595478364262
7
18446676595478364263
97
18446676595478364266
2
18446676595478364267
1
18446676595478364268
48
18446676595478364269
2
18446676595478364270
14
18446676595478364272
8
18446676595478364273
62
18446676595478364274
375
18446676595478364275
44
18446676595478364276
127
18446676595478364277
8
18446676595478364278
93
18446676595478364280
6
18446676595478364282
2
18446676599773316232
1
18446676599773316249
4
18446676599773316286
2
18446676599773331565
45
18446676599773331566
44
18446676604068298784
5
18446676604068298853
4
18446676604068298863
2308
18446676604068298867
2
18446676608363266093
1
18446676608363266095
1
18446676608363266146
3
18446676608363266148
11
18446676608363266150
2
18446676608363266151
3
18446676608363266153
2
18446676608363266155
31
18446676608363266156
10
18446676608363266157
3
18446676608363266158
22
18446676608363266162
42
18446676608363266163
6
18446676608363266164
26
18446676608363266169
1
18446676612658217631
2
18446676612658217636
13
18446676612658233442
1
18446676612658233444
2
18446676612658233445
4
18446676612658233452
1
18446676612658233458
12
18446676612658233461
1
18446676616953200740
4
18446676616953200743
14
18446676616953200747
1
18446676616953200748
1
18446676616953200749
1
18446676616953200750
1
18446676616953200754
2
18446676616953200755
2
18446676616953200758
1
18446676621248168033
114
18446676621248168047
107
18446676625543119523
1698
18446676625543119541
354
18446676625543119546
1
18446676625543135346
16
18446676625543135347
1
18446676629838102560
115
18446676629838102562
2
18446676629838102568
2
18446676629838102573
1
18446676629838102625
9
18446676629838102627
184
18446676629838102628
189
18446676629838102629
2
18446676629838102631
12
18446676629838102632
10
18446676629838102633
1
18446676629838102635
17
18446676629838102636
11
18446676629838102637
56
18446676629838102638
23
18446676629838102639
3
18446676629838102640
6
18446676629838102642
120
18446676629838102643
65
18446676629838102644
48
18446676629838102646
16
18446676629838102650
1
18446676634133054121
2
18446676634133069856
10
18446676634133069869
1
18446676634133069925
1
18446676634133069933
6
18446676634133069934
210
18446676634133069939
90
18446676634133069940
1
18446676634133069941
46
18446676634133069944
17
18446676638428037167
38
18446676638428037235
2
18446676647017971744
121
18446676647017971746
7
18446676647017971753
1
18446676647017971756
2
18446676647017971809
46
18446676647017971810
4
18446676647017971811
168
18446676647017971812
40
18446676647017971814
69
18446676647017971816
2
18446676647017971819
13
18446676647017971820
3
18446676647017971821
32
18446676647017971822
298
18446676647017971823
99
18446676647017971824
25
18446676647017971825
2
18446676647017971826
1
18446676647017971827
79
18446676647017971828
401
18446676647017971830
122
18446676647017971834
19
18446676651312939124
1
18446676664197840993
41
18446676672787775520
13
18446676672787775587
4
18446676672787775588
5
18446676672787775591
87
18446676672787775596
9
18446676672787775597
5
18446676672787775598
58
18446676672787775600
32
18446676672787775602
111
18446676672787775603
37
18446676672787775604
7
18446676672787775606
25
18446676672787775607
13
18446676672787775608
2
18446676672787775610
3
18446676677082742893
29
18446676677082742894
1
18446676677082742898
5
18446676681377710180
1
18446676681377710181
440
18446676681377710188
1
18446676681377710192
6
18446676685672677408
2
18446676685672677423
1
18446676685672677478
1
18446676685672677479
14
18446676685672677480
2
18446676685672677483
1
18446676685672677485
1
18446676685672677486
4
18446676685672677488
1
18446676685672677490
17
18446676685672677491
40
18446676685672677492
7
18446676685672677494
3
18446676694262612066
1
18446676694262612068
1
18446676694262612071
2
18446676694262612074
4
18446676694262612076
1
18446676694262612078
2
18446676694262612082
7
18446676702852546658
42
18446676702852546659
1
18446676702852546660
54
18446676702852546668
23
18446676702852546669
10
18446676702852546670
7
18446676702852546674
22
18446676702852546675
34
18446676702852546676
8
18446676702852546678
2
18446676702852546682
3
18446676707147513970
4
18446676711442481250
14
18446676711442481252
1
18446676711442481254
16
18446676711442481255
7
18446676711442481256
1
18446676711442481260
15
18446676711442481262
7
18446676711442481266
17
18446676711442481267
2
18446676711442481274
1
18446676715737432735
1
18446676715737448480
22
18446676715737448547
10
18446676715737448564
3
18446676724327383145
1
18446677557551038496
10
18446677557551038563
7
18446677557551038564
2
18446677557551038570
1
18446677557551038572
3
18446677557551038573
4
18446677557551038574
2
18446677557551038578
19
18446677557551038579
8
18446677557551038580
19
18446677561845990590
1
18446677574730907680
28
18446677574730907692
2
18446677574730907747
5
18446677574730907748
1
18446677574730907760
2
18446677574730907763
1
18446677600500711456
1
18446677600500711525
5
18446677600500711529
11
18446677600500711530
7
18446677604795663243
2
18446677609090646113
2
18446677609090646117
63
18446677609090646121
2
18446677609090646122
1
18446677609090646126
16
18446677613385597613
2
18446677634860449824
1
18446677634860449891
1
18446677634860449892
1
18446677634860449898
1
18446677634860449901
1
18446677634860449906
2
18446677639155401889
2
18446677652040319008
6
18446677652040319082
10
18446677652040319091
6
18446677660630253600
14
18446677660630253667
1
18446677660630253671
6
18446677660630253684
1
18446677669220188194
2
18446677669220188260
7
18446677669220188268
3
18446677669220188270
2
18446677669220188274
3
18446677669220188276
4
18446677673515140249
1
18446677694989991968
1
18446677694989992037
4
18446677694989992041
34
18446677703579926625
2
18446677703579926633
34
18446677703579926645
2
18446677720759795809
3
18446677720759795826
1
18446677725054747559
1
18446677737939664994
13
18446677737939664996
3
18446677737939664999
3
18446677737939665006
6
18446677737939665012
2
18446677789479272553
10
18446677810954109025
3
18446677810954109045
1
18446677819544043552
1
18446677819544043635
7
18446678661357633568
21
18446678661357633633
11
18446678661357633635
2
18446678661357633637
5
18446678661357633647
9
18446678661357633653
5
18446678661357633657
2
18446678665652585139
4
18446678669947568160
1
18446678669947568162
1
18446678669947568172
1
18446678669947568227
5
18446678669947568243
11
18446678687127437427
1
18446678725782143008
4
18446678725782143021
1
18446678725782143079
2
18446678725782143081
2
18446678725782143090
1
18446678725782143098
1
18446678760141881376
2
18446678760141881378
1
18446678760141881388
2
18446678760141881445
4
18446678760141881454
3
18446678760141881455
3
18446678760141881459
12
18446678764436832941
6
18446678768731816035
2
18446678768731816044
1
18446678768731816050
2
18446678794501619744
1
18446678794501619809
5
18446678794501619811
5
18446678794501619813
25
18446678794501619817
1
18446678794501619819
55
18446678794501619822
1
18446678794501619823
2
18446678794501619824
5
18446678794501619828
12
18446678798796571309
2
18446678798796571563
3
18446678798796571809
2
18446678837451292786
12
18446678837451292788
2
18446678841746244769
2
18446678854631161888
1
18446678854631161890
2
18446678854631161965
1
18446678854631161971
10
18446678863221096566
1
18446678871811031072
6
18446678901875802144
1
18446678901875802156
1
18446678901875802222
1
18446678910465736809
1
18446678910465736810
1
18446678910465736814
6
18446678910465736819
8
18446678910465736821
1
18446678910465736825
51
18446678919055671342
1
18446678919055671393
2
18446678919055671397
6
18446678919055671401
6
18446678919055671406
2
18446678919055671407
1
18446678919055671413
1
18446678919055671417
10
18446688737350909984
4
18446688741645864372
2
18446688741645864578
39
18446688741645864579
4
18446688741645864580
9
18446688745940831665
1
18446688745940831674
1
18446688745940831675
2
18446688745940831677
2
18446688745940831872
1
18446688745940831873
4
18446688745940844576
66
18446688745940844589
1
18446688750235798972
11
18446688750235799169
2
18446688750235799170
44
18446688750235799172
1
18446688750235811872
1
18446688750235811951
5
18446688754530766257
73
18446688754530766260
3
18446688754530766266
6
18446688754530766271
20
18446688754530766464
3
18446688754530766468
6
18446688754530766473
3
18446688758825746464
67
18446688758825746477
1
18446688758825746479
1
18446688758825746482
1
18446688758825746550
5
18446688763120700847
7
18446688763120700850
1
18446688763120700851
7
18446688763120700852
3
18446688763120700856
9
18446688763120700857
40
18446688763120700858
15
18446688763120700859
7
18446688763120700860
5
18446688763120700861
17
18446688763120700862
1
18446688763120701056
6
18446688763120701057
20
18446688763120701058
30
18446688763120701059
10
18446688763120701060
69
18446688763120701061
4
18446688763120701062
7
18446688767415668145
3
18446688767415668149
2
18446688767415668153
4
18446688767415668159
7
18446688767415681135
1
18446688767415681142
2
18446688771710635437
1
18446688771710635439
49
18446688771710635441
4
18446688771710635443
12
18446688771710635445
28
18446688771710635447
1
18446688771710635449
23
18446688771710635450
2
18446688771710635453
4
18446688771710635455
3
18446688771710635649
8
18446688771710635653
2
18446688771710648431
6
18446688776005602735
4
18446688776005602737
1
18446688776005602741
13
18446688776005602743
1
18446688776005602745
24
18446688776005602751
13
18446688776005602945
5
18446688776005602953
2
18446688776005615648
3
18446688776005615657
2
18446688776005615662
3
18446688776005615734
2
18446688780300570031
22
18446688780300570034
2
18446688780300570035
9
18446688780300570036
2
18446688780300570037
4
18446688780300570040
5
18446688780300570041
31
18446688780300570042
9
18446688780300570043
43
18446688780300570044
1
18446688780300570045
8
18446688780300570240
14
18446688780300570241
10
18446688780300570243
3
18446688780300570244
3
18446688780300570245
35
18446688780300570246
2
18446688780300570247
11
18446688780300570253
1
18446688784595550240
10
18446688784595550326
2
18446688788890504627
1
18446688788890504635
10
18446688788890504636
4
18446688788890504637
12
18446688788890504833
2
18446688788890504834
14
18446688788890504835
11
18446688788890504836
17
18446688788890504839
3
18446688788890517545
1
18446688788890517615
7
18446688793185471921
2
18446688793185471925
5
18446688793185471927
4
18446688793185471933
5
18446688793185471935
4
18446688793185472129
3
18446688793185472142
3
18446688793185484832
17
18446688793185484846
3
18446688793185484911
13
18446688793185484918
5
18446688797480439212
4
18446688797480439217
43
18446688797480439220
24
18446688797480439221
5
18446688797480439223
7
18446688797480439226
135
18446688797480439228
5
18446688797480439229
7
18446688797480439231
24
18446688797480439424
1
18446688797480439425
17
18446688797480439427
25
18446688797480439428
6
18446688797480439433
1
18446688797480439438
3
18446688797480452207
1
18446688801775406508
4
18446688801775406510
93
18446688801775406513
22
18446688801775406516
1
18446688801775406517
6
18446688801775406519
8
18446688801775406527
14
18446688801775406720
4
18446688801775406721
4
18446688801775406724
12
18446688801775406732
30
18446688801775406733
39
18446688801775406734
7
18446688801775419503
28
18446688806070373804
40
18446688806070373806
7
18446688806070373807
1
18446688806070373809
4
18446688806070373813
14
18446688806070373815
2
18446688806070373817
7
18446688806070373819
42
18446688806070373820
3
18446688806070373823
35
18446688806070374021
2
18446688806070374022
2
18446688806070374025
4
18446688806070374030
2
18446688806070386799
2
18446688810365341100
5
18446688810365341101
3
18446688810365341102
6
18446688810365341103
4
18446688810365341105
46
18446688810365341106
7
18446688810365341109
5
18446688810365341111
4
18446688810365341113
6
18446688810365341116
3
18446688810365341119
5
18446688810365341312
1
18446688810365341317
1
18446688810365341321
2
18446688810365341326
2
18446688810365354016
37
18446688810365354030
1
18446688810365354031
1
18446688810365354095
6
18446688814660308399
3
18446688814660308401
10
18446688814660308404
1
18446688814660308405
13
18446688814660308407
1
18446688814660308409
24
18446688814660308415
34
18446688814660308612
12
18446688814660308617
9
18446688814660308622
5
18446688818955275705
1
18446688818955288608
34
18446688818955288621
2
18446688823250242991
2
18446688823250242993
1
18446688823250242994
1
18446688823250242995
32
18446688823250242996
16
18446688823250243000
1
18446688823250243001
18
18446688823250243002
5
18446688823250243003
40
18446688823250243004
5
18446688823250243005
19
18446688823250243200
11
18446688823250243201
6
18446688823250243202
55
18446688823250243203
16
18446688823250243204
4
18446688823250243205
36
18446688823250243206
2
18446688823250243207
2
18446688823250243208
1
18446688823250243213
16
18446689647883976745
1
18446689647883976815
1
18446689647883976822
1
18446689652178931121
26
18446689652178931125
5
18446689652178931128
1
18446689652178931129
19
18446689652178931131
6
18446689652178931133
1
18446689652178931135
24
18446689652178931329
49
18446689652178931332
15
18446689652178931333
2
18446689652178931340
1
18446689652178944111
14
18446689656473898413
1
18446689656473898417
17
18446689656473898419
30
18446689656473898420
2
18446689656473898421
4
18446689656473898423
6
18446689656473898424
4
18446689656473898425
51
18446689656473898428
5
18446689656473898431
67
18446689656473898629
4
18446689656473898631
12
18446689656473898633
2
18446689656473898636
9
18446689656473898637
2
18446689656473898638
3
18446689656473911328
185
18446689656473911330
2
18446689656473911340
2
18446689665063833006
1
18446689665063833007
2
18446689665063833009
3
18446689665063833015
23
18446689665063833016
2
18446689665063833017
7
18446689665063833018
6
18446689665063833023
4
18446689665063833219
3
18446689665063833220
33
18446689665063833221
7
18446689665063833223
9
18446689665063833225
1
18446689665063833228
1
18446689665063845934
3
18446689665063845999
8
18446689669358800300
2
18446689669358800301
6
18446689669358800302
10
18446689669358800303
7
18446689669358800305
14
18446689669358800309
20
18446689669358800311
26
18446689669358800313
51
18446689669358800315
5
18446689669358800316
6
18446689669358800319
35
18446689669358800513
53
18446689669358800515
1
18446689669358800517
13
18446689669358800521
6
18446689669358800524
3
18446689669358813216
16
18446689669358813228
1
18446689669358813302
1
18446689673653767603
10
18446689673653767612
18
18446689673653767613
2
18446689673653767808
9
18446689673653767809
35
18446689673653767811
2
18446689673653767812
28
18446689673653767815
19
18446689677948734894
5
18446689677948734897
3
18446689677948734904
2
18446689677948735105
4
18446689677948735109
4
18446689677948735118
2
18446689677948747887
2
18446689682243702191
15
18446689682243702193
3
18446689682243702197
17
18446689682243702201
16
18446689682243702205
10
18446689682243702207
10
18446689682243702414
1
18446689686538669701
6
18446689686538682486
1
18446689690833636796
5
18446689690833636797
17
18446689690833636992
1
18446689690833636995
3
18446689690833636996
6
18446689699423584288
19
18446689703718538674
1
18446689703718538675
1
18446689703718538684
3
18446689703718538685
9
18446689703718538882
4
18446689703718538884
7
18446689703718551584
6
18446689708013505979
7
18446689708013505980
2
18446689708013506176
39
18446689708013506177
1
18446689708013506180
1
18446689708013506183
2
18446689708013518966
1
18446689712308473268
1
18446689712308473271
2
18446689712308473277
17
18446689712308473279
1
18446689712308473473
6
