2274
137438953506
128
137438953511
1
137438953512
740
137438953515
1
137438953517
24
137438953520
1
137438953521
765
137438953522
399
137438953523
169
137438953524
122
137438953525
212
137438953526
48
137438953527
52
137438953528
43
137438953529
13
137438953563
83
137438953569
4584
137438953570
480
137438953571
4721
137438953572
5579
137438953573
1393
137438953574
1449
137438953575
549
137438953576
143
137438953577
1255
137438953578
125
137438953579
268
137438953580
1194
137438953581
2133
137438953582
732
137438953583
1334
137438953584
3994
137438953585
13
137438953586
1018
137438953587
3140
137438953588
1454
137438953589
1151
137438953590
509
137438953591
69
137438953592
1
137438953593
52
137438953594
81
137438953596
2651
141731921811
18
141731921812
40
141733905057
7
141733905060
8
141733905061
2
141733905065
14
141733905070
2070
141733905077
6
141733905078
4
141733905080
2
141733905082
1
141733905084
19
141733905281
6
141733905291
5
141733905293
5
141733905313
3
141733905315
2
141733905335
6
141733905538
3
141733905563
3
141733905569
35
141733905598
2
141733906329
1342
141733906331
29
141733907884
3
141733907886
3
141733907889
41
141733907890
3
141733907891
11
141733907892
7
141733907893
38
141733907895
1
141733907896
9
141733907897
18
141733907898
22
141733907899
1
141733907900
17
141733907901
25
141733907903
23
141733908096
49
141733908097
3
141733908099
23
141733908100
28
141733908101
13
141733908102
7
141733908103
13
141733908104
4
141733908105
2
141733908403
1
141733908405
1
141733908630
2
146028888096
100
146028888105
227
146028888108
21
146028888110
2
146028888122
9
146028888123
1
146028888157
25
146028888161
22
146028888162
12
146028888163
11
146028888164
16
146028888165
2
146028888166
17
146028888167
1
146028888168
2
146028888169
1
146028888171
4
146028888172
10
146028888173
25
146028888174
4
146028888175
3
146028888176
16
146028888178
3
146028888179
13
146028888180
4
146028888181
8
146028888182
10
146028888183
2
150323839657
4
150323839674
1
150323839885
2
150323840921
1
163208757363
2
167503724576
17
167503724641
16
167503724645
49
167503724648
1
167503724649
7
167503724655
3
167503724659
1
167503724661
1
171798676137
6
171798678961
1
171798691874
48
171798691885
3
171798691889
98
171798691890
92
171798691891
57
171798691892
22
171798691893
11
171798691894
9
171798691895
2
171798691896
1
171798691897
1
171798691937
109
171798691938
77
171798691939
67
171798691940
72
171798691941
41
171798691942
34
171798691943
9
171798691944
12
171798691945
71
171798691946
13
171798691947
3
171798691948
11
171798691949
13
171798691950
11
171798691951
5
171798691952
23
171798691954
6
171798691955
16
171798691956
20
171798691957
6
171798691958
9
171798691959
1
171798691960
1
171798691961
2
171798691962
1
176093643432
10
176093643433
1
176093643438
12
176093643452
1
176093643651
25
176093644697
1
176093646257
1
176093646261
1
176093646266
1
176093646468
4
176093646768
1
176093659168
731
176093659170
11
176093659176
1
176093659177
2
176093659180
133
176093659181
1
176093659182
5
176093659183
3
176093659186
1
176093659194
5
176093659195
15
176093659229
7
176093659233
3
176093659234
5
176093659235
6
176093659236
35
176093659240
1
176093659241
1
176093659244
2
176093659252
6
176093659253
12
176093659254
3
176093659258
1
180388626474
30
180388626525
12
184683593760
1
188978561056
2380
188978561058
3
188978561074
1
188978561075
1
188978561124
1
193273515651
1
193273528352
444
193273528360
1
193273528364
8
193273528365
336
193273528369
37
193273528372
1
193273528417
44
193273528418
2
193273528419
6
193273528420
7
193273528421
11
193273528422
19
193273528423
7
193273528424
3
193273528425
20
193273528426
4
193273528427
6
193273528428
16
193273528429
3
193273528430
17
193273528431
97
193273528432
6
193273528433
2
193273528434
11
193273528435
8
193273528436
9
193273528437
102
193273528438
7
193273528439
1
197568479905
1
197568479913
1
197568480161
1
197568480167
1
197568481177
4
197568482739
2
197568482944
1
197568495648
366
197568495650
8
197568495656
1
197568495657
36
197568495660
1
197568495661
5
197568495665
105
197568495666
120
197568495667
54
197568495668
26
197568495669
19
197568495670
19
197568495671
18
197568495672
3
197568495673
2
197568495674
2
197568495713
32
197568495714
7
197568495715
10
197568495716
39
197568495717
17
197568495718
4
197568495719
2
197568495720
7
197568495721
5
197568495723
8
197568495724
1
197568495725
11
197568495726
2
197568495727
2
197568495728
1
197568495730
4
197568495731
9
197568495732
13
197568495733
23
197568495734
14
197568495738
3
201863447201
1
201863447222
1
201863450037
3
201863450041
3
201863450042
2
201863450044
1
201863450045
2
201863450240
10
201863450244
2
201863450245
4
201863462944
7
201863462961
56
201863462962
25
201863462963
22
201863462964
26
201863462965
7
201863462966
5
201863462967
1
201863462969
2
201863463009
17
201863463010
11
201863463011
85
201863463012
9
201863463013
4
201863463014
40
201863463015
4
201863463016
23
201863463017
2
201863463019
9
201863463020
3
201863463021
10
201863463022
3
201863463023
4
201863463024
5
201863463026
2
201863463027
17
201863463028
3
201863463029
4
201863463030
3
201863463033
2
201863463034
1
206158414518
2
206158417338
1
206158417340
1
206158430240
137
206158430249
9
206158430252
23
206158430253
2
206158430254
5
206158430255
13
206158430256
244
206158430257
18
206158430258
17
206158430259
18
206158430260
123
206158430261
19
206158430262
14
206158430263
17
206158430264
3
206158430265
10
206158430267
1
206158430301
4
206158430305
1
206158430306
1
210453397536
287
210453397545
93
210453397548
45
210453397549
9
210453397550
151
210453397551
12
210453397552
41
210453397553
33
210453397554
43
210453397555
33
210453397556
25
210453397557
25
210453397558
18
210453397559
18
210453397560
21
210453397561
434
210453397597
11
214748364832
88
214748364841
89
214748364844
65
214748364845
4
214748364846
120
214748364847
20
214748364848
270
214748364849
29
214748364850
14
214748364851
47
214748364852
34
214748364853
23
214748364854
7
214748364855
14
214748364856
34
214748364857
16
214748364859
1
214748364893
7
219043332128
111
219043332137
52
219043332140
31
219043332141
4
219043332142
87
219043332143
12
219043332144
19
219043332145
51
219043332146
10
219043332147
19
219043332148
24
219043332149
18
219043332150
40
219043332151
20
219043332152
24
219043332153
17
219043332154
2
219043332189
6
223338299424
243
223338299433
25
223338299436
37
223338299437
2
223338299438
52
223338299439
17
223338299440
25
223338299441
9
223338299442
9
223338299443
13
223338299444
13
223338299445
18
223338299446
19
223338299447
9
223338299448
13
223338299449
6
223338299450
2
223338299485
6
227633266720
80
227633266729
17
227633266732
32
227633266733
6
227633266734
194
227633266735
21
227633266736
20
227633266737
16
227633266738
11
227633266739
9
227633266740
8
227633266741
12
227633266742
11
227633266743
3
227633266744
23
227633266745
8
227633266781
6
231928234016
66
231928234025
17
231928234028
21
231928234029
1
231928234030
39
231928234031
22
231928234032
9
231928234033
10
231928234034
5
231928234035
3
231928234036
15
231928234037
3
231928234038
4
231928234039
3
231928234040
24
231928234041
13
231928234042
1
231928234043
1
231928234077
6
236223201312
55
236223201321
7
236223201324
25
236223201325
2
236223201326
27
236223201327
30
236223201328
10
236223201329
19
236223201330
4
236223201331
5
236223201332
1
236223201333
15
236223201334
27
236223201335
20
236223201336
19
236223201337
10
236223201373
4
240518168608
90
240518168617
5
240518168620
30
240518168621
2
240518168622
10
240518168623
51
240518168624
36
240518168625
12
240518168626
14
240518168627
19
240518168628
14
240518168629
34
240518168630
15
240518168631
26
240518168632
30
240518168633
21
240518168669
4
244813135904
68
244813135913
5
244813135916
10
244813135917
7
244813135918
5
244813135919
27
244813135920
17
244813135921
14
244813135922
16
244813135923
10
244813135924
59
244813135925
42
244813135926
25
244813135927
76
244813135928
164
244813135929
174
244813135965
4
244813135971
1
249108103200
138
249108103202
2
249108103268
1
253403070496
65
253403070561
2
253403070563
2
253403070564
11
253403070576
1
253403070579
1
253403070580
1
253403070581
16
257698022062
1
261993005088
2
390842023970
8
390842023978
12
390842023985
30
390842023986
18
390842023987
2
390842023988
2
390842023989
2
390842023990
2
390842023991
2
390842023992
2
390842023993
2
390842024029
18
390842024033
6
390842024034
1
390842024035
2
390842024036
1
390842024037
1
390842024051
1
395136975534
1
399431958560
78
399431958572
14
399431958574
1
399431958628
1
399431958645
1
416611827744
5171
416611827746
26
416611827751
18
416611827753
77
416611827756
195
416611827757
10
416611827758
7
416611827759
40
416611827762
5
416611827770
2
416611827771
12
416611827809
62
416611827810
378
416611827811
1203
416611827812
569
416611827813
39
416611827814
79
416611827815
268
416611827816
12
416611827817
334
416611827818
39
416611827819
117
416611827820
3052
416611827821
445
416611827822
2050
416611827823
2
416611827824
295
416611827825
2
416611827826
4577
416611827827
767
416611827828
3515
416611827829
963
416611827830
211
416611827831
12
416611827832
39
416611827833
10
416611827834
546
420906779303
2
420906779309
1
420906779310
1
420906779313
38
420906779322
9
420906779531
3
420906779533
4
420906779559
2
420906779580
2
420906779778
26
420906779780
8
420906779801
13
420906779803
2
420906779834
1
420906779838
10
420906780569
233
420906780571
291
420906795040
41
420906795049
62
420906795052
1
420906795053
1
420906795054
10
420906795101
1
420906795105
259
420906795106
9
420906795107
4
420906795108
6
420906795109
565
420906795111
2
420906795113
385
420906795115
1
420906795116
145
420906795118
20
420906795119
155
420906795120
1
420906795122
638
420906795123
74
420906795124
2
420906795125
157
420906795126
6
420906795129
23
420906795130
2
425201746593
2
425201746594
38
425201746601
9
425201746616
2
425201746817
5
425201746819
30
425201746835
2
425201747089
1
425201747867
56
425201762336
311
425201762338
1
425201762344
5
425201762345
46
425201762348
26
425201762349
1
425201762350
15
425201762351
1
425201762358
1
425201762401
2769
425201762403
103
425201762404
1
425201762405
1784
425201762408
1070
425201762409
1854
425201762410
12
425201762411
49
425201762412
251
425201762413
4
425201762414
39
425201762415
1667
425201762416
1
425201762417
1
425201762418
127
425201762419
17
425201762420
1456
425201762421
1282
425201762422
32
425201762423
3
425201762425
10
425201762426
36
429496713890
75
429496713897
2
429496713898
1
429496713901
15
429496714115
621
429496714155
8
429496714370
4
429496715163
204
429496729632
684
429496729634
3
429496729639
52
429496729641
30
429496729644
16
429496729645
8
429496729646
10
429496729647
2
429496729659
3
429496729697
480
429496729698
7
429496729699
1
429496729700
6
429496729701
4492
429496729703
1
429496729704
28
429496729705
2326
429496729706
11
429496729707
4
429496729708
11
429496729709
40
429496729710
19
429496729711
592
429496729712
4
429496729714
241
429496729715
42
429496729716
6
429496729717
496
429496729718
5
429496729719
10
429496729721
44
429496729722
44
433791681186
4
433791681188
1
433791681193
5
433791681212
3
433791681411
188
433791681421
7
433791681435
3
433791681681
1
433791681722
2
433791696928
11603
433791696930
40
433791696936
4
433791696937
90
433791696940
462
433791696941
23
433791696942
49
433791696943
15
433791696946
5
433791696947
2
433791696948
1
433791696949
1
433791696950
1
433791696954
64
433791696955
15
433791696993
1711
433791696994
185
433791696995
2116
433791696996
992
433791696997
272
433791696998
200
433791696999
523
433791697000
215
433791697001
732
433791697002
23
433791697003
222
433791697004
1994
433791697005
988
433791697006
2972
433791697007
83
433791697008
443
433791697009
3
433791697010
3752
433791697011
2196
433791697012
755
433791697013
271
433791697014
340
433791697015
17
433791697016
591
433791697017
13
433791697018
295
438086648479
1
438086648481
3
438086648484
2
438086648485
2
438086648494
2
438086648715
6
438086648717
4
438086648737
1
438086648766
7
438086648993
1
438086649020
2
438086649753
130
438086649755
31
438086651323
2
438086664224
154
438086664233
12
438086664236
5
438086664289
394
438086664290
1
438086664293
928
438086664294
3
438086664295
8
438086664296
1
438086664297
1163
438086664298
1
438086664300
24
438086664301
1
438086664303
844
438086664306
106
438086664307
5
438086664308
37
438086664309
105
438086664313
13
442381615778
7
442381615780
5
442381615789
2
442381615798
7
442381615800
4
442381615802
2
442381615804
17
442381616003
43
442381616273
2
442381631520
173
442381631522
2
442381631529
9
442381631532
7
442381631533
2
442381631534
24
442381631535
1
442381631585
380
442381631586
1
442381631588
84
442381631589
634
442381631590
7
442381631591
5
442381631592
39
442381631593
1197
442381631595
10
442381631596
93
442381631598
75
442381631599
126
442381631600
1
442381631602
290
442381631603
56
442381631604
9
442381631605
104
442381631606
2
442381631609
140
442381631610
7
446676583073
1
446676583076
1
446676583081
21
446676583085
37
446676583091
3
446676583094
2
446676583100
4
446676583299
47
446676583335
1
446676583554
1
446676583585
1
446676583595
2
446676598816
94
446676598825
7
446676598829
1
446676598830
15
446676598843
4
446676598881
119
446676598882
17
446676598884
1
446676598885
382
446676598886
1
446676598888
7
446676598889
790
446676598890
2
446676598891
1
446676598892
47
446676598894
224
446676598895
166
446676598898
27
446676598899
23
446676598900
26
446676598901
62
446676598903
9
446676598905
13
446676598906
2
450971550369
2
450971550370
4
450971550372
10
450971550373
1
450971550374
1
450971550377
13
450971550390
16
450971550392
3
450971550396
1
450971550595
11
450971566112
4452
450971566114
4
450971566121
70
450971566124
321
450971566125
20
450971566126
21
450971566127
53
450971566138
1
450971566139
13
450971566177
1661
450971566178
309
450971566179
3005
450971566180
202
450971566181
1932
450971566182
746
450971566183
272
450971566184
22
450971566185
1279
450971566186
349
450971566187
188
450971566188
1497
450971566189
544
450971566190
3666
450971566191
1249
450971566192
438
450971566193
76
450971566194
818
450971566195
1324
450971566196
2936
450971566197
399
450971566198
1368
450971566199
10
450971566200
3
450971566202
491
455266517664
1
455266517665
12
455266517673
5
455266517674
1
455266517675
38
455266517683
15
455266517692
1
455266517899
10
455266517901
8
455266517913
1
455266518148
2
455266518177
5
455266518195
3
455266518204
1
455266518937
52
455266518939
203
455266520497
10
455266533408
15
455266533417
4
455266533422
1
455266533473
320
455266533476
2
455266533477
45
455266533478
1
455266533481
39
455266533483
8
455266533484
8
455266533486
17
455266533487
101
455266533491
13
455266533493
114
455266533494
4
455266533498
2
459561484964
3
459561484966
1
459561484982
1
459561484986
1
459561485185
2
459561485189
15
459561500704
92
459561500706
2
459561500713
7
459561500716
3
459561500717
2
459561500718
1
459561500719
1
459561500730
1
459561500769
314
459561500771
3
459561500772
18
459561500773
104
459561500775
1
459561500776
5
459561500777
170
459561500778
1
459561500779
11
459561500780
79
459561500781
2
459561500782
6
459561500783
258
459561500786
47
459561500787
46
459561500788
205
459561500789
137
459561500790
21
459561500791
5
459561500793
1
463856452257
120
463856452260
13
463856452265
17
463856452278
6
463856452280
2
463856452284
4
463856452285
9
463856452481
21
463856452485
2
463856452493
1
463856452540
1
463856452769
9
463856452787
3
463856455300
1
463856468000
2556
463856468002
2
463856468007
31
463856468008
5
463856468009
6
463856468012
86
463856468013
25
463856468014
13
463856468015
1
463856468018
2
463856468019
1
463856468026
28
463856468065
1393
463856468066
4
463856468067
10
463856468068
30
463856468069
2331
463856468070
6
463856468071
133
463856468072
1
463856468073
2311
463856468074
20
463856468075
30
463856468076
170
463856468077
40
463856468078
29
463856468079
2020
463856468080
2
463856468081
1
463856468082
1
463856468083
132
463856468084
421
463856468085
1387
463856468086
43
463856468087
1
463856468089
6
463856468090
1
468149436308
1
468151419553
14
468151419554
6
468151419556
37
468151419558
14
468151419560
1
468151419561
21
468151419563
2
468151419565
7
468151419571
54
468151419572
28
468151419573
2
468151419574
3
468151419777
2
468151419779
464
468151419781
1
468151419795
1
468151419801
6
468151419819
3
468151420049
1
468151420827
12
468151435296
401
468151435298
1
468151435302
2
468151435305
2
468151435308
8
468151435309
10
468151435310
1
468151435311
1
468151435322
1
468151435323
1
468151435361
1770
468151435362
580
468151435364
8
468151435365
2157
468151435366
3
468151435367
6
468151435368
1
468151435369
843
468151435371
2
468151435372
2
468151435373
87
468151435374
53
468151435375
367
468151435376
374
468151435378
5
468151435379
28
468151435380
8
468151435381
244
468151435382
5
468151435385
3
472446386849
3
472446386850
77
472446386852
10
472446386857
41
472446386861
1
472446386867
1
472446386870
2
472446387073
7
472446387075
272
472446387095
10
472446387099
2
472446387115
1
472446387330
1
472446387345
1
472446387377
1
472446402592
3147
472446402594
16
472446402600
2
472446402601
20
472446402604
33
472446402605
18
472446402606
4
472446402607
2
472446402611
1
472446402613
1
472446402614
2
472446402618
1
472446402619
1
472446402657
1244
472446402658
2
472446402659
623
472446402660
1156
472446402661
1524
472446402662
227
472446402663
356
472446402664
30
472446402665
2334
472446402666
5
472446402667
54
472446402668
53
472446402669
52
472446402670
55
472446402671
519
472446402672
15
472446402673
3
472446402674
27
472446402675
886
472446402676
2251
472446402677
677
472446402678
85
472446402679
2
472446402681
35
472446402682
106
476741354145
41
476741354146
4
476741354148
13
476741354150
5
476741354151
6
476741354153
40
476741354157
79
476741354163
5
476741354166
2
476741354170
1
476741354173
9
476741354369
3
476741354371
192
476741354381
9
476741354391
12
476741354393
15
476741354395
2
476741354411
2
476741354641
3
476741354684
50
476741354686
9
476741355419
592
476741369888
982
476741369890
11
476741369897
5
476741369900
12
476741369901
61
476741369903
23
476741369953
759
476741369954
282
476741369955
353
476741369956
291
476741369957
54
476741369958
810
476741369959
746
476741369960
8
476741369961
118
476741369962
31
476741369963
120
476741369964
1445
476741369965
1144
476741369966
1646
476741369967
95
476741369968
323
476741369969
1
476741369970
3074
476741369971
415
476741369972
280
476741369973
144
476741369974
286
476741369975
31
476741369976
6
476741369977
20
476741369978
94
481036321677
1
481036321697
21
481036321699
25
481036321719
1
481036321922
8
481036321924
8
481036321953
15
481036321980
5
481036322713
73
481036322715
60
481036324271
3
481036324274
1
481036324275
25
481036324276
6
481036324280
1
481036324282
2
481036324283
28
481036324284
7
481036324480
2
481036324481
1
481036324482
3
481036324485
8
481036324487
3
481036324488
1
481036337184
18
481036337196
2
481036337198
31
481036337211
1
481036337249
467
481036337253
1869
481036337254
16
481036337256
30
481036337257
213
481036337260
679
481036337262
10
481036337263
596
481036337264
21
481036337266
2188
481036337267
87
481036337268
235
481036337269
678
485331288738
21
485331288740
6
485331288742
2
485331288745
36
485331288749
2
485331288755
1
485331288756
4
485331288757
1
485331288762
2
485331288961
1
485331288963
99
485331288979
2
485331289218
1
485331289249
1
485331290011
26
485331304480
1
485331304489
2
485331304545
1
485331304565
123
485331304567
1
489626271776
1487
489626271778
13
489626271784
16
489626271785
17
489626271788
126
489626271789
201
489626271790
34
489626271791
16
489626271794
1
489626271803
2
489626271841
1952
489626271842
30
489626271843
486
489626271844
162
489626271845
5981
489626271846
13
489626271847
408
489626271848
249
489626271849
3191
489626271850
11
489626271851
95
489626271852
78
489626271853
1117
489626271854
103
489626271855
1483
489626271856
33
489626271857
24
489626271858
52
489626271859
625
489626271860
885
489626271861
1425
489626271862
156
489626271863
7
489626271865
113
489626271866
71
493921223329
7
493921223330
6
493921223332
4
493921223333
2
493921223337
14
493921223338
1
493921223341
5
493921223347
3
493921223350
4
493921223352
1
493921223354
1
493921223356
17
493921223553
1
493921223555
403
493921223571
1
493921223585
12
493921223587
7
493921223595
4
493921223851
1
493921223855
1
493921223870
1
493921224601
9
493921224603
41
493921239072
567
493921239074
11
493921239081
18
493921239084
37
493921239085
32
493921239086
8
493921239087
6
493921239093
1
493921239094
1
493921239099
3
493921239137
746
493921239138
22
493921239139
479
493921239140
8
493921239141
976
493921239142
29
493921239143
8
493921239144
31
493921239145
1553
493921239146
23
493921239147
329
493921239148
190
493921239149
70
493921239150
8
493921239151
493
493921239152
820
493921239154
7
493921239155
97
493921239156
3182
493921239157
597
493921239158
55
493921239159
7
493921239161
74
493921239162
117
498216190625
1
498216190626
1
498216190627
1
498216190628
4
498216190633
6
498216190637
1
498216190648
2
498216190652
3
498216190849
4
498216190851
331
498216191106
1
498216191899
3
498216206368
1675
498216206370
4
498216206376
23
498216206377
33
498216206380
153
498216206381
18
498216206382
19
498216206383
16
498216206386
1
498216206387
1
498216206388
4
498216206389
1
498216206390
1
498216206394
9
498216206395
11
498216206433
2403
498216206434
7
498216206435
10
498216206436
5
498216206437
4778
498216206438
61
498216206439
4
498216206440
136
498216206441
2836
498216206442
1
498216206443
22
498216206444
397
498216206445
5
498216206446
24
498216206447
1376
498216206450
1775
498216206451
166
498216206452
39
498216206453
1729
498216206454
92
498216206455
20
498216206457
70
498216206458
4
502511157920
44
502511157921
14
502511157922
22
502511157924
22
502511157925
4
502511157926
1
502511157928
3
502511157929
76
502511157933
13
502511157939
4
502511157942
1
502511157944
1
502511157946
12
502511157947
4
502511157948
4
502511158145
16
502511158147
1291
502511158149
15
502511158163
1
502511158187
1
502511158425
4
502511158443
13
502511158447
1
502511160751
1
502511173664
1950
502511173673
13
502511173676
68
502511173677
20
502511173678
9
502511173679
2
502511173683
1
502511173690
11
502511173729
201
502511173730
153
502511173731
328
502511173732
240
502511173733
117
502511173734
22
502511173735
93
502511173736
3
502511173737
766
502511173738
7
502511173739
72
502511173740
2313
502511173741
401
502511173742
2173
502511173743
53
502511173744
295
502511173746
1767
502511173747
265
502511173748
903
502511173749
17
502511173750
41
502511173751
12
502511173752
43
502511173754
143
506806125223
1
506806125225
3
506806125229
1
506806125233
3
506806125443
30
506806125453
2
506806125473
1
506806125698
9
506806125729
12
506806125758
3
506806126489
9
506806126491
326
506806140960
173
506806140969
5
506806140972
14
506806140974
13
506806140986
1
506806141025
477
506806141026
11
506806141028
3
506806141029
1143
506806141033
757
506806141034
4
506806141035
1
506806141036
13
506806141037
6
506806141038
27
506806141039
114
506806141041
2
506806141042
8
506806141043
7
506806141045
58
506806141046
2
506806141049
39
511101092513
11
511101092514
31
511101092516
4
511101092517
11
511101092518
1
511101092521
14
511101092525
16
511101092541
2
511101092739
338
511101092763
10
511101093025
10
511101095345
4
511101095348
1
511101095349
4
511101095353
2
511101095556
5
511101095561
1
511101108256
23
511101108268
1
511101108269
1
511101108270
3
511101108321
36
511101108324
1
511101108325
50
511101108328
3
511101108329
33
511101108331
6
511101108332
1
511101108333
1
511101108334
13
511101108335
7
511101108338
13
511101108339
3
511101108340
1
511101108343
1
511101108345
31
515396060290
4
515396075552
2
515396075561
2
515396075564
1
515396075565
1
515396075617
243
515396075618
1
515396075619
38
515396075621
234
515396075625
61
515396075627
3
515396075632
68
515396075636
18
515396075637
1
519691027113
1
519691027331
10
519691042848
203
519691042850
11
519691042857
13
519691042860
17
519691042867
2
519691042875
9
519691042913
59
519691042914
2
519691042915
61
519691042916
39
519691042917
10
519691042919
28
519691042920
2
519691042921
7
519691042922
2
519691042923
13
519691042924
26
519691042925
15
519691042926
84
519691042927
3
519691042928
16
519691042930
19
519691042931
72
519691042932
42
519691042934
1
519691042935
1
519691042938
2
523985994401
6
523985994413
6
523985994419
7
523985994422
2
523985994913
2
523985994940
8
523986010144
39
523986010146
1
523986010153
1
523986010156
33
523986010209
381
523986010210
4
523986010211
4
523986010212
95
523986010213
289
523986010215
1
523986010216
1
523986010217
398
523986010218
8
523986010219
9
523986010221
2
523986010222
37
523986010223
49
523986010224
6
523986010227
10
523986010228
37
523986010229
324
523986010230
1
523986010231
2
523986010233
12
523986010234
5
528280961697
48
528280961698
21
528280961709
2
528280961724
3
528280961921
1
528280961923
423
528280961925
3
528280962193
2
528280962201
4
532575944736
2651
18438158618768441376
18
18438158623063408672
40
18438158623063408748
3
18446676586888429600
2
18446676586888429667
1
18446676586888429676
1
18446676591183396896
45
18446676595478364192
145
18446676595478364201
7
18446676595478364259
7
18446676595478364260
4
18446676595478364263
39
18446676595478364266
2
18446676595478364268
13
18446676595478364270
11
18446676595478364272
8
18446676595478364274
24
18446676595478364275
11
18446676595478364276
14
18446676595478364278
3
18446676595478364282
2
18446676599773316232
1
18446676599773316249
3
18446676599773331565
3
18446676599773331566
261
18446676599773331570
28
18446676599773331572
26
18446676604068298863
3
18446676608363266093
1
18446676608363266095
1
18446676608363266146
3
18446676608363266148
4
18446676608363266151
2
18446676608363266153
2
18446676608363266155
31
18446676608363266156
10
18446676608363266157
3
18446676608363266158
16
18446676608363266162
39
18446676608363266163
5
18446676608363266164
23
18446676608363266169
1
18446676612658217631
2
18446676612658217636
13
18446676612658233442
1
18446676612658233444
2
18446676612658233445
4
18446676612658233452
1
18446676612658233458
13
18446676612658233461
1
18446676616953200740
2
18446676616953200743
14
18446676616953200747
1
18446676616953200748
1
18446676616953200749
1
18446676616953200750
1
18446676616953200754
2
18446676616953200755
2
18446676616953200758
1
18446676621248168033
6
18446676625543119523
2
18446676625543119747
1
18446676625543135346
13
18446676625543135347
1
18446676629838102560
52
18446676629838102562
1
18446676629838102568
1
18446676629838102575
1
18446676629838102625
9
18446676629838102627
42
18446676629838102628
54
18446676629838102629
2
18446676629838102631
7
18446676629838102632
10
18446676629838102635
17
18446676629838102636
8
18446676629838102637
8
18446676629838102638
17
18446676629838102639
3
18446676629838102640
6
18446676629838102642
35
18446676629838102643
46
18446676629838102644
29
18446676629838102646
1
18446676629838102650
1
18446676634133054121
2
18446676634133069934
1
18446676634133069940
1
18446676634133069941
1
18446676638428037167
1
18446676638428037218
37
18446676638428037235
2
18446676647017971744
72
18446676647017971746
6
18446676647017971753
1
18446676647017971809
44
18446676647017971811
5
18446676647017971814
1
18446676647017971816
2
18446676647017971819
1
18446676647017971821
12
18446676647017971822
20
18446676647017971827
4
18446676647017971828
20
18446676647017971830
2
18446676647017971834
4
18446676651312939113
9
18446676651312939116
3
18446676651312939117
16
18446676651312939118
2105
18446676651312939124
1
18446676655607891865
5
18446676664197840993
41
18446676672787775520
4
18446676672787775588
3
18446676672787775591
56
18446676672787775596
2
18446676672787775597
1
18446676672787775598
11
18446676672787775600
2
18446676672787775602
3
18446676672787775603
3
18446676672787775607
9
18446676672787775610
3
18446676677082742893
28
18446676677082742898
4
18446676681377710180
1
18446676681377710181
1
18446676681377710188
1
18446676681377710192
6
18446676685672677408
2
18446676685672677423
1
18446676685672677478
1
18446676685672677479
13
18446676685672677480
2
18446676685672677483
1
18446676685672677485
1
18446676685672677486
4
18446676685672677488
1
18446676685672677490
14
18446676685672677491
40
18446676685672677492
7
18446676685672677494
3
18446676694262612066
1
18446676694262612068
1
18446676694262612071
2
18446676694262612074
4
18446676694262612076
1
18446676694262612078
2
18446676694262612082
6
18446676702852546658
2
18446676702852546660
9
18446676702852546674
14
18446676702852546675
1
18446676702852546676
1
18446676702852546682
3
18446676707147513970
4
18446676711442481250
13
18446676711442481252
1
18446676711442481254
16
18446676711442481255
6
18446676711442481256
1
18446676711442481260
15
18446676711442481262
7
18446676711442481266
15
18446676711442481267
1
18446676711442481274
1
18446676715737432735
1
18446676715737448480
15
18446676715737448547
3
18446676715737448564
2
18446677557551038496
10
18446677557551038563
7
18446677557551038564
2
18446677557551038572
3
18446677557551038573
4
18446677557551038578
16
18446677557551038579
7
18446677557551038580
19
18446677561845990590
1
18446677566140973088
2981
18446677566140973090
14
18446677566140973097
37
18446677566140973100
255
18446677566140973101
2
18446677566140973102
30
18446677566140973103
2
18446677566140973114
1
18446677566140973115
6
18446677566140973149
1
18446677566140973154
1
18446677566140973155
10
18446677566140973156
10
18446677566140973161
8
18446677566140973164
17
18446677566140973165
86
18446677566140973166
41
18446677566140973167
1
18446677566140973168
13
18446677566140973170
429
18446677566140973171
77
18446677566140973172
244
18446677566140973173
35
18446677566140973174
1
18446677566140973178
188
18446677570435925913
14
18446677570435925915
472
18446677574730907680
28
18446677574730907692
2
18446677574730907747
2
18446677574730907748
1
18446677574730907760
2
18446677574730907763
1
18446677600500711456
1
18446677600500711525
5
18446677600500711529
11
18446677600500711530
7
18446677604795663243
2
18446677609090646113
2
18446677609090646117
63
18446677609090646122
1
18446677609090646126
13
18446677634860449824
1
18446677634860449891
1
18446677634860449892
1
18446677634860449898
1
18446677634860449901
1
18446677634860449906
2
18446677652040319008
6
18446677652040319082
10
18446677652040319091
6
18446677660630253600
14
18446677660630253667
1
18446677660630253671
6
18446677660630253684
1
18446677669220188194
2
18446677669220188260
7
18446677669220188268
1
18446677669220188270
1
18446677669220188274
3
18446677669220188276
3
18446677694989991968
1
18446677694989992037
4
18446677694989992041
34
18446677703579926633
34
18446677720759795809
3
18446677720759795826
1
18446677725054747559
1
18446677737939664994
12
18446677737939664996
2
18446677737939664999
2
18446677737939665006
2
18446677737939665012
1
18446677789479272553
7
18446677810954109025
2
18446677810954109045
1
18446677819544043635
7
18446678661357633568
21
18446678661357633633
11
18446678661357633635
2
18446678661357633637
5
18446678661357633647
8
18446678661357633653
5
18446678661357633657
2
18446678665652585139
4
18446678669947568160
1
18446678669947568172
1
18446678669947568227
5
18446678669947568243
11
18446678687127437427
1
18446678725782143008
4
18446678725782143021
1
18446678725782143079
2
18446678725782143081
2
18446678725782143090
1
18446678725782143098
1
18446678760141881376
2
18446678760141881388
2
18446678760141881454
1
18446678760141881455
3
18446678760141881459
12
18446678764436832941
4
18446678768731816035
2
18446678768731816044
1
18446678768731816050
2
18446678794501619744
1
18446678794501619809
3
18446678794501619811
5
18446678794501619813
25
18446678794501619817
1
18446678794501619819
37
18446678794501619822
1
18446678794501619823
2
18446678794501619824
4
18446678794501619828
12
18446678798796571309
2
18446678798796571809
2
18446678837451292786
12
18446678837451292788
2
18446678841746244769
2
18446678854631161890
1
18446678854631161965
1
18446678863221096566
1
18446678871811031072
6
18446678901875802144
1
18446678901875802156
1
18446678901875802222
1
18446678910465736809
1
18446678910465736810
1
18446678910465736814
5
18446678910465736819
8
18446678910465736825
51
18446678919055671342
1
18446678919055671393
2
18446678919055671397
5
18446678919055671401
6
18446678919055671407
1
18446678919055671413
1
18446678919055671417
10
18446682058676764769
46
18446682058676764771
56
18446682058676764773
43
18446682058676764777
1278
18446682058676764783
6
18446682058676764788
386
18446682058676764789
10
18446682062971716483
41
18446682067266699296
1
18446682067266699361
111
18446682067266699365
248
18446682067266699369
1785
18446682067266699381
6
18446682071561650850
1
18446682071561651075
231
18446688737350909984
4
18446688741645864372
2
18446688741645864578
39
18446688741645864579
4
18446688741645864580
9
18446688745940831665
1
18446688745940831674
1
18446688745940831675
2
18446688745940831677
2
18446688745940831872
1
18446688745940831873
4
18446688745940844576
66
18446688745940844589
1
18446688750235798972
11
18446688750235799169
2
18446688750235799170
44
18446688750235799172
1
18446688750235811872
1
18446688750235811951
5
18446688754530766257
73
18446688754530766260
3
18446688754530766266
6
18446688754530766271
20
18446688754530766464
3
18446688754530766468
5
18446688754530766473
3
18446688758825746464
67
18446688758825746477
1
18446688758825746479
1
18446688758825746482
1
18446688758825746550
5
18446688763120700847
7
18446688763120700850
1
18446688763120700851
7
18446688763120700852
3
18446688763120700856
9
18446688763120700857
40
18446688763120700858
15
18446688763120700859
7
18446688763120700860
5
18446688763120700861
17
18446688763120700862
1
18446688763120701056
6
18446688763120701057
20
18446688763120701058
30
18446688763120701059
10
18446688763120701060
69
18446688763120701061
4
18446688763120701062
7
18446688767415668145
3
18446688767415668149
2
18446688767415668153
4
18446688767415668159
7
18446688767415681135
1
18446688767415681142
2
18446688771710635437
1
18446688771710635439
49
18446688771710635441
4
18446688771710635443
12
18446688771710635445
28
18446688771710635447
1
18446688771710635449
23
18446688771710635450
2
18446688771710635453
4
18446688771710635455
3
18446688771710635649
8
18446688771710635653
2
18446688771710648431
6
18446688776005602735
4
18446688776005602737
1
18446688776005602741
13
18446688776005602743
1
18446688776005602745
24
18446688776005602751
12
18446688776005602945
5
18446688776005602953
2
18446688776005615648
3
18446688776005615657
2
18446688776005615662
3
18446688776005615734
2
18446688780300570031
22
18446688780300570034
2
18446688780300570035
9
18446688780300570036
2
18446688780300570037
4
18446688780300570040
5
18446688780300570041
31
18446688780300570042
9
18446688780300570043
43
18446688780300570044
1
18446688780300570045
8
18446688780300570240
14
18446688780300570241
10
18446688780300570243
3
18446688780300570244
3
18446688780300570245
35
18446688780300570246
2
18446688780300570247
9
18446688780300570253
1
18446688784595550240
10
18446688784595550326
2
18446688788890504627
1
18446688788890504635
10
18446688788890504636
4
18446688788890504637
12
18446688788890504833
2
18446688788890504834
13
18446688788890504835
11
18446688788890504836
17
18446688788890504839
3
18446688788890517545
1
18446688788890517615
7
18446688793185471921
2
18446688793185471925
5
18446688793185471927
4
18446688793185471933
5
18446688793185471935
4
18446688793185472129
3
18446688793185472142
3
18446688793185484832
17
18446688793185484846
3
18446688793185484911
13
18446688793185484918
5
18446688797480439212
4
18446688797480439217
43
18446688797480439220
24
18446688797480439221
5
18446688797480439223
7
18446688797480439226
133
18446688797480439228
5
18446688797480439229
7
18446688797480439231
24
18446688797480439424
1
18446688797480439425
17
18446688797480439427
25
18446688797480439428
6
18446688797480439433
1
18446688797480439438
3
18446688797480452207
1
18446688801775406508
4
18446688801775406510
93
18446688801775406513
22
18446688801775406516
1
18446688801775406517
6
18446688801775406519
8
18446688801775406527
14
18446688801775406720
4
18446688801775406721
4
18446688801775406724
12
18446688801775406732
28
18446688801775406733
39
18446688801775406734
7
18446688801775419503
28
18446688806070373804
40
18446688806070373806
7
18446688806070373807
1
18446688806070373809
4
18446688806070373813
14
18446688806070373815
2
18446688806070373817
7
18446688806070373819
42
18446688806070373820
3
18446688806070373823
35
18446688806070374021
2
18446688806070374022
2
18446688806070374025
4
18446688806070374030
2
18446688806070386799
2
18446688810365341100
5
18446688810365341101
3
18446688810365341102
6
18446688810365341103
4
18446688810365341105
46
18446688810365341106
7
18446688810365341109
5
18446688810365341111
4
18446688810365341113
6
18446688810365341116
3
18446688810365341119
5
18446688810365341312
1
18446688810365341317
1
18446688810365341321
2
18446688810365341326
2
18446688810365354016
37
18446688810365354030
1
18446688810365354031
1
18446688810365354095
6
18446688814660308399
2
18446688814660308401
10
18446688814660308404
1
18446688814660308405
13
18446688814660308407
1
18446688814660308409
23
18446688814660308415
34
18446688814660308612
11
18446688814660308617
9
18446688814660308622
5
18446688818955275705
1
18446688818955288608
34
18446688818955288621
2
18446688823250242991
2
18446688823250242993
1
18446688823250242994
1
18446688823250242995
32
18446688823250242996
15
18446688823250243000
1
18446688823250243001
18
18446688823250243002
5
18446688823250243003
40
18446688823250243004
5
18446688823250243005
18
18446688823250243200
10
18446688823250243201
6
18446688823250243202
55
18446688823250243203
16
18446688823250243204
3
18446688823250243205
36
18446688823250243206
2
18446688823250243207
2
18446688823250243208
1
18446688823250243213
16
18446689647883976745
1
18446689647883976815
1
18446689647883976822
1
18446689652178931121
26
18446689652178931125
5
18446689652178931128
1
18446689652178931129
19
18446689652178931131
6
18446689652178931133
1
18446689652178931135
24
18446689652178931329
49
18446689652178931332
14
18446689652178931333
2
18446689652178931340
1
18446689652178944111
14
18446689656473898413
1
18446689656473898417
17
18446689656473898419
30
18446689656473898420
2
18446689656473898421
4
18446689656473898423
6
18446689656473898424
4
18446689656473898425
51
18446689656473898428
5
18446689656473898431
67
18446689656473898629
4
18446689656473898631
12
18446689656473898633
2
18446689656473898636
9
18446689656473898637
2
18446689656473898638
3
18446689656473911328
184
18446689656473911340
2
18446689665063833006
1
18446689665063833007
2
18446689665063833009
3
18446689665063833015
23
18446689665063833016
2
18446689665063833017
7
18446689665063833018
6
18446689665063833023
4
18446689665063833219
3
18446689665063833220
33
18446689665063833221
7
18446689665063833223
9
18446689665063833225
1
18446689665063833228
1
18446689665063845934
3
18446689665063845999
8
18446689669358800300
2
18446689669358800301
6
18446689669358800302
10
18446689669358800303
7
18446689669358800305
14
18446689669358800309
19
18446689669358800311
25
18446689669358800313
50
18446689669358800315
5
18446689669358800316
6
18446689669358800319
34
18446689669358800513
53
18446689669358800515
1
18446689669358800517
13
18446689669358800521
6
18446689669358800524
3
18446689669358813216
16
18446689669358813228
1
18446689669358813302
1
18446689673653767603
10
18446689673653767612
18
18446689673653767613
2
18446689673653767808
9
18446689673653767809
35
18446689673653767811
2
18446689673653767812
28
18446689673653767815
19
18446689677948734894
5
18446689677948734897
3
18446689677948734904
2
18446689677948735105
4
18446689677948735109
4
18446689677948735118
2
18446689677948747887
2
18446689682243702191
15
18446689682243702193
3
18446689682243702197
17
18446689682243702201
16
18446689682243702205
8
18446689682243702207
10
18446689682243702414
1
18446689686538669701
6
18446689686538682486
1
18446689690833636796
5
18446689690833636797
17
18446689690833636992
1
18446689690833636995
3
18446689690833636996
6
18446689699423584288
19
18446689703718538674
1
18446689703718538675
1
18446689703718538684
3
18446689703718538685
9
18446689703718538882
2
18446689703718538884
7
18446689703718551584
6
18446689708013505979
7
18446689708013505980
2
18446689708013506176
39
18446689708013506177
1
18446689708013506180
1
18446689708013506183
2
18446689708013518966
1
18446689712308473268
1
18446689712308473271
2
18446689712308473277
17
18446689712308473279
1
18446689712308473473
6
18446690953554034729
1
18446690953554034734
1
18446690966438936622
1
18446690975028871278
1
18446691941396512800
1
18446691945691467926
1
