2458
137438953506
117
137438953511
3
137438953512
597
137438953515
1
137438953517
35
137438953519
1
137438953520
1
137438953521
787
137438953522
437
137438953523
187
137438953524
126
137438953525
214
137438953526
53
137438953527
52
137438953528
43
137438953529
16
137438953563
74
137438953569
3218
137438953570
603
137438953571
549
137438953572
2038
137438953573
511
137438953574
541
137438953575
228
137438953576
334
137438953577
905
137438953578
447
137438953579
1760
137438953580
611
137438953581
1260
137438953582
1535
137438953583
2876
137438953584
4478
137438953585
10
137438953586
1162
137438953587
2768
137438953588
1536
137438953589
1301
137438953590
3141
137438953591
75
137438953592
1
137438953593
52
137438953594
1516
137438953596
2652
141731921811
7
141731921812
56
141733905057
7
141733905060
8
141733905061
1
141733905065
14
141733905069
6
141733905076
2
141733905077
6
141733905078
4
141733905080
2
141733905082
411
141733905084
19
141733905281
6
141733905291
5
141733905293
965
141733905295
5
141733905313
3
141733905315
2
141733905335
6
141733905342
4
141733905538
1
141733905544
2
141733905561
2
141733905563
3
141733905569
1091
141733905573
2
141733905598
210
141733907884
3
141733907886
3
141733907889
41
141733907890
3
141733907891
11
141733907892
7
141733907893
38
141733907895
1
141733907896
9
141733907897
18
141733907898
22
141733907899
1
141733907900
17
141733907901
25
141733907903
23
141733908096
49
141733908097
3
141733908099
23
141733908100
28
141733908101
13
141733908102
7
141733908103
13
141733908104
4
141733908105
2
146028888096
64
146028888105
221
146028888108
28
146028888110
2
146028888113
1
146028888122
9
146028888157
24
146028888161
18
146028888162
24
146028888163
2
146028888164
35
146028888165
11
146028888166
22
146028888167
10
146028888168
7
146028888169
9
146028888171
21
146028888172
13
146028888173
53
146028888174
10
146028888175
19
146028888176
17
146028888178
5
146028888179
31
146028888180
9
146028888181
8
146028888182
19
146028888183
6
146028888186
5
150321856404
2
150323839657
2
150323839676
1
150323839885
3
150323842495
1
150323842692
1
163208757363
2
167503724576
636
167503724585
2
167503724588
66
167503724590
1
167503724596
1
167503724641
213
167503724645
49
167503724648
1
167503724649
7
167503724651
16
167503724653
18
167503724654
27
167503724655
97
167503724658
18
167503724659
126
167503724661
40
167503724662
16
171798676137
6
171798678961
1
171798691874
213
171798691885
4
171798691889
11
171798691890
11
171798691891
11
171798691892
6
171798691893
1
171798691894
1
171798691895
1
171798691896
1
171798691897
1
171798691937
44
171798691938
22
171798691939
15
171798691940
29
171798691941
25
171798691942
6
171798691944
4
171798691945
54
171798691946
1
171798691947
3
171798691948
13
171798691949
15
171798691950
17
171798691951
30
171798691952
20
171798691954
22
171798691955
15
171798691956
21
171798691957
5
171798691958
20
171798691961
2
171798691962
10
176093643432
10
176093643433
1
176093643450
12
176093643452
1
176093643661
13
176093643663
5
176093643937
1
176093646257
1
176093646261
1
176093646266
1
176093646468
4
176093659168
520
176093659170
22
176093659176
1
176093659177
5
176093659180
129
176093659182
4
176093659183
10
176093659186
1
176093659194
3
176093659195
11
176093659229
2
176093659233
1
176093659234
2
176093659236
11
176093659240
1
176093659241
1
176093659244
2
176093659252
4
176093659253
1
176093659254
3
184683593760
1
188978561056
2457
188978561058
3
188978561073
1
188978561074
1
188978561075
1
188978561121
2
188978561122
1
188978561124
47
188978561127
1
188978561128
2
188978561131
2
188978561135
13
188978561136
3
188978561139
2
188978561141
6
188978561142
4
193273513121
2
193273515651
1
193273528352
460
193273528364
9
193273528365
336
193273528369
3
193273528372
1
193273528417
10
193273528418
2
193273528419
3
193273528420
5
193273528421
9
193273528422
18
193273528423
6
193273528424
3
193273528425
19
193273528426
4
193273528427
6
193273528428
12
193273528429
2
193273528430
4
193273528431
7
193273528432
5
193273528433
2
193273528434
10
193273528435
2
193273528436
23
193273528437
4
193273528438
7
193273528439
1
197568479905
1
197568479913
1
197568480161
1
197568480167
1
197568482739
2
197568482944
1
197568495648
1019
197568495650
8
197568495657
37
197568495660
3
197568495661
5
197568495665
105
197568495666
119
197568495667
55
197568495668
26
197568495669
19
197568495670
19
197568495671
18
197568495672
3
197568495673
2
197568495674
2
197568495709
1
197568495713
31
197568495714
8
197568495715
10
197568495716
39
197568495717
17
197568495718
4
197568495719
3
197568495720
7
197568495721
5
197568495723
8
197568495724
1
197568495725
11
197568495726
2
197568495727
2
197568495728
1
197568495730
4
197568495731
10
197568495732
13
197568495733
23
197568495734
14
197568495738
3
201863447201
1
201863447222
1
201863450037
3
201863450041
3
201863450042
2
201863450044
1
201863450045
2
201863450240
10
201863450244
2
201863450245
4
201863462944
26
201863462961
56
201863462962
25
201863462963
23
201863462964
26
201863462965
7
201863462966
5
201863462967
1
201863462969
2
201863463009
38
201863463010
79
201863463011
3
201863463012
20
201863463013
90
201863463014
40
201863463015
6
201863463016
23
201863463017
10
201863463019
13
201863463020
13
201863463021
13
201863463022
4
201863463023
12
201863463024
20
201863463026
5
201863463027
10
201863463028
6
201863463029
4
201863463030
7
201863463033
2
201863463034
2
206158414518
2
206158417338
1
206158417340
1
206158430240
105
206158430249
9
206158430252
17
206158430254
39
206158430255
13
206158430256
236
206158430257
18
206158430258
16
206158430259
18
206158430260
123
206158430261
9
206158430262
14
206158430263
17
206158430264
3
206158430265
2
206158430267
1
206158430301
6
206158430305
1
206158430306
1
210453397536
113
210453397545
11
210453397548
41
210453397549
1
210453397550
422
210453397551
12
210453397552
33
210453397553
35
210453397554
34
210453397555
25
210453397556
17
210453397557
20
210453397558
17
210453397559
18
210453397560
19
210453397561
431
210453397597
15
214748364832
101
214748364841
10
214748364844
73
214748364846
164
214748364847
20
214748364848
261
214748364849
29
214748364850
14
214748364851
47
214748364852
35
214748364853
23
214748364854
7
214748364855
14
214748364856
34
214748364857
16
214748364858
1
214748364893
11
219043332128
97
219043332137
6
219043332140
37
219043332141
1
219043332142
134
219043332143
12
219043332144
19
219043332145
51
219043332146
10
219043332147
19
219043332148
24
219043332149
18
219043332150
40
219043332151
20
219043332152
24
219043332153
17
219043332154
2
219043332189
10
223338299424
228
223338299433
10
223338299436
42
223338299438
70
223338299439
18
223338299440
26
223338299441
9
223338299442
9
223338299443
13
223338299444
13
223338299445
18
223338299446
18
223338299447
10
223338299448
13
223338299449
6
223338299450
3
223338299485
10
227633266720
78
227633266729
9
227633266732
23
227633266734
211
227633266735
21
227633266736
12
227633266737
16
227633266738
11
227633266739
9
227633266740
8
227633266741
12
227633266742
9
227633266743
3
227633266744
23
227633266745
8
227633266781
10
231928234016
70
231928234025
9
231928234028
16
231928234030
48
231928234031
22
231928234032
9
231928234033
10
231928234034
5
231928234035
3
231928234036
17
231928234037
3
231928234038
4
231928234039
3
231928234040
25
231928234041
12
231928234042
1
231928234077
8
236223201312
60
236223201321
7
236223201324
13
236223201326
35
236223201327
30
236223201328
10
236223201329
17
236223201330
4
236223201331
5
236223201332
1
236223201333
15
236223201334
26
236223201335
21
236223201336
19
236223201337
11
236223201373
6
236223201377
1
240518168608
68
240518168617
6
240518168620
23
240518168622
37
240518168623
52
240518168624
36
240518168625
12
240518168626
12
240518168627
16
240518168628
12
240518168629
33
240518168630
15
240518168631
26
240518168632
29
240518168633
21
240518168669
6
244813135904
66
244813135913
6
244813135916
8
244813135917
2
244813135918
15
244813135919
28
244813135920
9
244813135921
14
244813135922
15
244813135923
9
244813135924
58
244813135925
40
244813135926
27
244813135927
76
244813135928
164
244813135929
171
244813135965
6
249108103200
198
249108103202
1
249108103268
1
249108103275
1
253403070496
64
253403070564
1
253403070572
1
253403070581
16
261993005088
2
390842023970
24
390842023976
1
390842023985
44
390842023986
20
390842023987
4
390842023988
4
390842023989
4
390842023990
4
390842023991
4
390842023992
4
390842023993
4
390842024048
1
395136975546
1
395136975757
1
399431958560
70
399431958572
18
399431958574
2
399431958645
1
412316860448
6
416611827744
5851
416611827746
31
416611827751
16
416611827753
83
416611827756
345
416611827757
6
416611827758
20
416611827759
50
416611827762
5
416611827770
15
416611827771
14
416611827808
6
416611827809
77
416611827810
237
416611827811
477
416611827812
1285
416611827813
38
416611827814
42
416611827815
196
416611827816
204
416611827817
67
416611827818
570
416611827819
791
416611827820
1931
416611827821
427
416611827822
2420
416611827823
11
416611827824
169
416611827825
2
416611827826
1288
416611827827
754
416611827828
1431
416611827829
239
416611827830
1055
416611827831
13
416611827832
120
416611827834
95
420906779303
2
420906779309
1
420906779310
1
420906779313
38
420906779322
9
420906779531
3
420906779533
113
420906779535
4
420906779559
2
420906779580
2
420906779582
4
420906779778
24
420906779780
5
420906779784
2
420906779801
13
420906779803
2
420906779809
9
420906779813
24
420906779834
1
420906779838
109
420906795040
79
420906795049
65
420906795052
18
420906795053
1
420906795054
11
420906795105
354
420906795106
9
420906795107
44
420906795108
44
420906795109
615
420906795111
4
420906795113
286
420906795114
3
420906795115
48
420906795116
174
420906795117
13
420906795118
267
420906795119
1537
420906795122
109
420906795123
87
420906795125
112
420906795126
6
420906795129
300
420906795130
3
425201746593
14
425201746601
9
425201746605
11
425201746611
1
425201746616
2
425201746618
4
425201746620
1
425201746621
17
425201746817
6
425201746829
9
425201746835
2
425201747089
1
425201762336
78
425201762338
1
425201762345
47
425201762348
5
425201762349
1
425201762350
7
425201762351
1
425201762358
1
425201762401
327
425201762403
21
425201762404
1
425201762405
598
425201762408
3111
425201762409
1373
425201762410
15
425201762411
537
425201762412
36
425201762413
4
425201762414
179
425201762415
374
425201762417
1
425201762418
19
425201762419
17
425201762420
224
425201762421
108
425201762422
25
425201762423
3
425201762425
25
425201762426
39
429496713897
2
429496713898
1
429496713901
70
429496713914
5
429496714155
9
429496714370
2
429496729632
824
429496729634
8
429496729639
52
429496729641
35
429496729644
28
429496729645
8
429496729646
10
429496729647
2
429496729659
3
429496729697
515
429496729698
832
429496729699
57
429496729700
32
429496729701
1899
429496729703
2
429496729704
29
429496729705
1371
429496729706
9
429496729707
43
429496729708
158
429496729709
137
429496729710
609
429496729711
1207
429496729712
149
429496729714
296
429496729715
278
429496729716
9
429496729717
252
429496729718
101
429496729719
13
429496729721
145
429496729722
226
433791681185
107
433791681188
1
433791681193
29
433791681197
39
433791681203
4
433791681204
73
433791681210
14
433791681212
3
433791681213
32
433791681421
146
433791681427
2
433791681435
4
433791681451
2
433791681466
85
433791681470
8
433791681672
25
433791681681
1
433791681711
10
433791681726
2
433791696928
4041
433791696930
43
433791696935
1
433791696936
12
433791696937
64
433791696940
257
433791696941
20
433791696942
26
433791696943
82
433791696946
5
433791696947
2
433791696948
1
433791696949
1
433791696950
1
433791696954
61
433791696955
4
433791696989
1
433791696993
73
433791696994
707
433791696995
898
433791696996
1673
433791696997
153
433791696998
54
433791696999
281
433791697000
312
433791697001
219
433791697002
1294
433791697003
886
433791697004
1391
433791697005
565
433791697006
3520
433791697007
193
433791697008
144
433791697009
3
433791697010
2074
433791697011
1059
433791697012
716
433791697013
334
433791697014
134
433791697015
21
433791697016
129
433791697017
13
433791697018
150
438086648481
5
438086648484
2
438086648485
2
438086648493
2
438086648497
1
438086648499
4
438086648506
7
438086648715
6
438086648717
95
438086648719
7
438086648737
1
438086648766
50
438086648968
45
438086648993
71
438086648997
4
438086649020
2
438086649022
46
438086651323
2
438086664224
131
438086664226
1
438086664233
12
438086664289
223
438086664290
1
438086664293
193
438086664294
18
438086664295
8
438086664296
1
438086664297
507
438086664298
1
438086664300
27
438086664301
1
438086664303
294
438086664306
71
438086664307
14
438086664308
50
438086664309
39
438086664313
53
442381615777
1
442381615780
5
442381615789
3
442381615798
8
442381615800
5
442381615802
2
442381615804
18
442381616273
2
442381631520
166
442381631522
6
442381631529
10
442381631532
4
442381631533
2
442381631534
24
442381631535
2
442381631585
149
442381631586
1
442381631588
84
442381631589
416
442381631590
7
442381631591
5
442381631592
7
442381631593
1057
442381631595
13
442381631596
12
442381631598
81
442381631599
95
442381631600
1
442381631602
103
442381631603
60
442381631604
12
442381631605
86
442381631607
1
442381631609
147
442381631610
7
446676583073
137
446676583076
3
446676583081
22
446676583085
37
446676583091
8
446676583094
2
446676583100
4
446676583335
1
446676583554
1
446676583585
1
446676583595
2
446676598816
1465
446676598818
1
446676598825
9
446676598828
57
446676598829
4
446676598830
18
446676598842
3
446676598843
5
446676598881
202
446676598882
14
446676598883
7
446676598884
1
446676598885
406
446676598886
1
446676598888
9
446676598889
658
446676598890
2
446676598891
2
446676598892
168
446676598893
4
446676598894
255
446676598895
1436
446676598896
1
446676598898
88
446676598899
79
446676598900
142
446676598901
149
446676598902
33
446676598903
11
446676598905
65
446676598906
2
450971550369
65
450971550372
11
450971550373
1
450971550374
1
450971550377
40
450971550390
15
450971550392
3
450971550396
1
450971550397
19
450971550593
2
450971550605
9
450971550650
2
450971550654
4
450971550856
1
450971550869
54
450971550881
1
450971566112
1566
450971566114
9
450971566121
62
450971566124
162
450971566125
5
450971566126
16
450971566127
44
450971566138
1
450971566139
2
450971566177
2210
450971566178
19
450971566179
1368
450971566180
210
450971566181
2189
450971566182
428
450971566183
127
450971566184
10
450971566185
325
450971566186
477
450971566187
735
450971566188
360
450971566189
263
450971566190
2100
450971566191
509
450971566192
350
450971566193
80
450971566194
387
450971566195
1088
450971566196
1750
450971566197
170
450971566198
463
450971566199
12
450971566200
1
450971566202
296
455266517664
1
455266517665
110
455266517668
1
455266517672
3
455266517673
7
455266517674
1
455266517675
38
455266517677
79
455266517683
16
455266517692
1
455266517899
10
455266517901
48
455266517913
1
455266517943
3
455266518148
2
455266518177
11
455266518181
6
455266518195
3
455266518204
1
455266518206
8
455266520497
10
455266533408
1306
455266533417
4
455266533420
2
455266533422
3
455266533434
2
455266533473
468
455266533476
2
455266533477
655
455266533478
1
455266533480
4
455266533481
38
455266533483
9
455266533485
231
455266533486
215
455266533487
128
455266533488
2
455266533490
45
455266533491
47
455266533492
81
455266533493
62
455266533494
10
455266533498
2
459561484961
2
459561484964
3
459561484966
1
459561484973
14
459561484982
1
459561484986
476
459561485185
2
459561485189
18
459561485197
1
459561485448
1
459561485473
7
459561500704
581
459561500706
20
459561500713
8
459561500716
27
459561500717
2
459561500718
2
459561500719
6
459561500730
1
459561500769
808
459561500771
39
459561500772
33
459561500773
377
459561500775
1
459561500776
5
459561500777
230
459561500778
1
459561500779
11
459561500780
538
459561500781
9
459561500782
33
459561500783
2052
459561500786
196
459561500787
48
459561500788
1357
459561500789
801
459561500790
348
459561500791
6
459561500793
500
463856452257
769
463856452260
14
463856452265
402
463856452275
11
463856452276
24
463856452278
6
463856452280
2
463856452282
194
463856452284
4
463856452285
451
463856452481
23
463856452485
2
463856452493
6
463856452540
2
463856452757
1
463856452769
9
463856452787
3
463856452798
1
463856455300
1
463856468000
455
463856468002
2
463856468007
600
463856468008
3
463856468009
4
463856468012
21
463856468013
23
463856468014
9
463856468015
1
463856468018
2
463856468019
1
463856468026
38
463856468027
1
463856468065
1647
463856468066
5
463856468067
18
463856468068
35
463856468069
1868
463856468070
6
463856468071
133
463856468072
4
463856468073
1476
463856468074
20
463856468075
89
463856468076
173
463856468077
42
463856468078
536
463856468079
1552
463856468080
3
463856468081
1
463856468082
8
463856468083
195
463856468084
190
463856468085
574
463856468086
33
463856468087
3
463856468089
130
463856468090
1
468151419553
530
468151419556
38
468151419558
14
468151419560
1
468151419561
32
468151419563
2
468151419565
19
468151419571
166
468151419572
32
468151419573
2
468151419574
3
468151419578
14
468151419580
1
468151419581
16
468151419777
2
468151419781
1
468151419795
1
468151419801
5
468151419819
5
468151420040
8
468151420049
1
468151420065
3
468151420079
1
468151435296
1529
468151435298
2
468151435302
2
468151435305
8
468151435308
109
468151435309
10
468151435310
32
468151435311
1
468151435322
4
468151435323
1
468151435361
845
468151435362
116
468151435363
30
468151435364
8
468151435365
1295
468151435366
4
468151435367
6
468151435368
1
468151435369
915
468151435371
8
468151435372
20
468151435373
91
468151435374
58
468151435375
428
468151435376
62
468151435378
13
468151435379
32
468151435380
58
468151435381
250
468151435382
4
468151435383
1
468151435385
109
472446386849
448
472446386852
32
472446386857
47
472446386861
47
472446386867
1
472446386868
73
472446386870
3
472446386874
10
472446386876
1
472446386877
1
472446387073
8
472446387095
10
472446387099
6
472446387115
1
472446387330
1
472446387345
1
472446387377
1
472446387390
2
472446402592
792
472446402594
31
472446402600
1
472446402601
30
472446402604
14
472446402605
18
472446402606
2
472446402607
9
472446402611
1
472446402613
1
472446402614
2
472446402618
2
472446402619
1
472446402657
1676
472446402658
4
472446402659
146
472446402660
578
472446402661
2215
472446402662
103
472446402663
280
472446402664
30
472446402665
2773
472446402666
1
472446402667
318
472446402668
46
472446402669
78
472446402670
425
472446402671
1364
472446402672
19
472446402673
3
472446402674
9
472446402675
772
472446402676
610
472446402677
335
472446402678
14
472446402679
3
472446402681
340
472446402682
34
476741354145
1038
476741354148
14
476741354150
5
476741354151
6
476741354153
1236
476741354157
746
476741354163
11
476741354166
2
476741354170
303
476741354173
1037
476741354369
3
476741354381
154
476741354391
12
476741354393
15
476741354395
2
476741354411
2
476741354641
3
476741354657
87
476741354684
50
476741354686
59
476741369888
3247
476741369890
14
476741369897
7
476741369900
54
476741369901
62
476741369903
29
476741369914
2
476741369915
2
476741369953
8
476741369954
976
476741369955
419
476741369956
2108
476741369957
54
476741369958
270
476741369959
566
476741369960
274
476741369961
34
476741369962
270
476741369963
1146
476741369964
1568
476741369965
1519
476741369966
887
476741369967
91
476741369968
436
476741369969
1
476741369970
2770
476741369971
1721
476741369972
464
476741369973
688
476741369974
2486
476741369975
33
476741369976
7
476741369977
19
476741369978
225
481036321677
294
481036321697
21
481036321699
25
481036321719
1
481036321726
4
481036321922
9
481036321924
8
481036321928
60
481036321945
2
481036321953
108
481036321980
6
481036321982
245
481036324271
3
481036324274
1
481036324275
25
481036324276
6
481036324280
1
481036324282
2
481036324283
28
481036324284
7
481036324480
3
481036324481
1
481036324482
3
481036324485
8
481036324487
3
481036324488
1
481036337184
68
481036337196
1
481036337198
3
481036337199
5
481036337249
372
481036337251
5
481036337253
506
481036337254
23
481036337256
33
481036337257
263
481036337260
707
481036337261
1
481036337262
25
481036337263
1937
481036337264
21
481036337266
3132
481036337267
116
481036337268
42
481036337269
147
481036337273
5
485331288737
6
485331288740
57
485331288742
4
485331288745
41
485331288749
53
485331288755
1
485331288756
157
485331288757
1
485331288762
2
485331288961
1
485331288979
2
485331289018
35
485331289218
1
485331289224
5
485331289241
1
485331289249
5
485331304480
1
485331304545
1
485331304563
2
485331304565
124
485331304567
1
489626271776
654
489626271778
58
489626271784
16
489626271785
18
489626271788
27
489626271789
16
489626271790
21
489626271791
28
489626271794
1
489626271841
1879
489626271842
35
489626271843
472
489626271844
198
489626271845
1770
489626271846
4
489626271847
499
489626271848
49
489626271849
1193
489626271850
10
489626271851
110
489626271852
66
489626271853
443
489626271854
1036
489626271855
2286
489626271856
28
489626271857
24
489626271858
64
489626271859
508
489626271860
297
489626271861
472
489626271862
197
489626271863
14
489626271865
305
489626271866
179
493921223329
485
493921223332
8
493921223333
2
493921223337
332
493921223338
1
493921223341
1071
493921223347
33
493921223348
32
493921223350
4
493921223352
1
493921223354
23
493921223356
17
493921223357
209
493921223553
1
493921223565
38
493921223571
1
493921223577
1
493921223585
12
493921223587
7
493921223595
4
493921223816
6
493921223841
5
493921223851
1
493921223855
1
493921223870
79
493921239072
849
493921239074
18
493921239081
28
493921239084
47
493921239085
23
493921239086
107
493921239087
13
493921239093
1
493921239094
1
493921239099
3
493921239137
628
493921239138
27
493921239139
351
493921239140
7
493921239141
516
493921239142
8
493921239143
9
493921239144
35
493921239145
751
493921239146
23
493921239147
1710
493921239148
736
493921239149
214
493921239150
42
493921239151
552
493921239152
570
493921239154
8
493921239155
119
493921239156
3476
493921239157
151
493921239158
240
493921239159
8
493921239161
153
493921239162
115
498216190625
13
498216190627
1
498216190628
4
498216190633
11
498216190637
39
498216190644
24
498216190648
2
498216190650
190
498216190652
3
498216190653
1
498216190849
4
498216191106
1
498216191141
36
498216206368
509
498216206370
38
498216206375
684
498216206376
20
498216206377
26
498216206380
45
498216206381
10
498216206382
9
498216206383
26
498216206386
1
498216206387
1
498216206388
4
498216206389
1
498216206390
1
498216206394
1
498216206395
11
498216206433
1261
498216206434
8
498216206435
4
498216206436
5
498216206437
2506
498216206438
11
498216206439
7
498216206440
150
498216206441
1676
498216206442
1
498216206443
166
498216206444
128
498216206445
14
498216206446
523
498216206447
2526
498216206448
1
498216206450
1161
498216206451
222
498216206452
38
498216206453
975
498216206454
388
498216206455
22
498216206457
250
498216206458
4
502511157920
44
502511157921
689
502511157924
27
502511157925
4
502511157926
1
502511157928
3
502511157929
194
502511157933
197
502511157939
62
502511157942
1
502511157946
402
502511157948
4
502511157949
155
502511158145
17
502511158149
15
502511158159
7
502511158163
1
502511158187
1
502511158206
1
502511158408
45
502511158425
6
502511158433
1
502511158443
17
502511158447
2
502511160751
1
502511173664
1641
502511173666
7
502511173673
13
502511173676
214
502511173677
2
502511173678
22
502511173679
1
502511173683
1
502511173690
1
502511173691
9
502511173729
23
502511173730
217
502511173731
58
502511173732
328
502511173733
102
502511173734
9
502511173735
87
502511173736
35
502511173737
64
502511173738
504
502511173739
247
502511173740
405
502511173741
218
502511173742
666
502511173743
54
502511173744
280
502511173746
792
502511173747
247
502511173748
444
502511173749
21
502511173750
316
502511173751
12
502511173752
40
502511173754
169
506806125215
1
506806125217
96
506806125223
1
506806125225
4
506806125229
1
506806125233
3
506806125453
82
506806125455
11
506806125473
1
506806125475
3
506806125698
9
506806125729
302
506806125733
1
506806125758
208
506806140960
1809
506806140962
3
506806140969
9
506806140972
161
506806140974
49
506806140986
45
506806140987
2
506806141025
2145
506806141026
32
506806141027
9
506806141028
5
506806141029
1567
506806141032
25
506806141033
455
506806141034
4
506806141035
42
506806141036
32
506806141037
6
506806141038
383
506806141039
932
506806141040
15
506806141041
2
506806141042
143
506806141043
68
506806141044
8
506806141045
193
506806141046
2
506806141049
710
506806141050
243
511101092513
128
511101092516
28
511101092517
11
511101092518
1
511101092521
52
511101092525
40
511101092538
6
511101092541
438
511101092749
2
511101092763
10
511101093000
17
511101093013
8
511101093025
190
511101093054
1
511101095345
4
511101095348
1
511101095349
4
511101095353
2
511101095556
5
511101095561
1
511101108256
27
511101108258
6
511101108268
1
511101108269
1
511101108270
3
511101108271
3
511101108321
45
511101108325
62
511101108328
3
511101108329
42
511101108331
6
511101108332
1
511101108333
1
511101108334
13
511101108335
8
511101108338
11
511101108339
3
511101108340
1
511101108343
1
511101108345
33
515396060290
4
515396075552
52
515396075554
1
515396075561
3
515396075565
1
515396075566
2
515396075567
1
515396075617
47
515396075619
1
515396075621
77
515396075625
56
515396075627
3
515396075631
23
515396075632
4
515396075636
20
515396075637
1
519691027113
1
519691027117
1
519691042848
1352
519691042850
14
519691042857
25
519691042860
248
519691042862
14
519691042863
5
519691042867
2
519691042874
2
519691042875
9
519691042913
58
519691042914
34
519691042915
253
519691042916
166
519691042917
10
519691042919
41
519691042920
31
519691042921
7
519691042922
4
519691042923
169
519691042924
37
519691042925
71
519691042926
96
519691042927
6
519691042928
37
519691042930
53
519691042931
174
519691042932
247
519691042933
20
519691042934
21
519691042935
1
519691042938
46
523985994401
6
523985994413
6
523985994419
7
523985994422
2
523985994637
2
523985994888
1
523985994913
62
523985994917
1
523985994940
9
523985994942
41
523986010144
223
523986010146
1
523986010153
1
523986010156
3
523986010209
597
523986010210
6
523986010211
4
523986010212
351
523986010213
170
523986010215
1
523986010216
30
523986010217
364
523986010218
14
523986010219
25
523986010220
27
523986010221
84
523986010222
357
523986010223
386
523986010224
67
523986010226
40
523986010227
32
523986010228
56
523986010229
166
523986010230
27
523986010231
2
523986010233
32
523986010234
5
528280961697
399
528280961709
81
528280961722
7
528280961724
3
528280961921
1
528280961925
3
528280962184
4
528280962193
2
528280962201
4
528280962209
4
528280962213
10
532575944736
2652
18438158618768441376
7
18438158623063408672
56
18438158623063408747
1
18438158623063408748
3
18446676586888429600
2
18446676586888429667
1
18446676586888429680
1
18446676591183396896
45
18446676595478364192
868
18446676595478364201
1
18446676595478364204
12
18446676595478364206
3
18446676595478364218
1
18446676595478364258
12
18446676595478364259
576
18446676595478364260
103
18446676595478364263
39
18446676595478364264
13
18446676595478364266
131
18446676595478364267
201
18446676595478364268
394
18446676595478364269
84
18446676595478364270
436
18446676595478364272
22
18446676595478364274
475
18446676595478364275
137
18446676595478364276
720
18446676595478364277
8
18446676595478364278
680
18446676595478364282
88
18446676599773315981
3
18446676599773316030
5
18446676599773316232
1
18446676599773316249
4
18446676599773316257
7
18446676599773316286
28
18446676604068298863
4
18446676608363266080
21
18446676608363266093
1
18446676608363266095
1
18446676608363266146
3
18446676608363266148
11
18446676608363266150
2
18446676608363266151
3
18446676608363266153
2
18446676608363266155
31
18446676608363266156
10
18446676608363266157
3
18446676608363266158
22
18446676608363266162
42
18446676608363266163
7
18446676608363266164
72
18446676608363266169
1
18446676608363266170
9
18446676612658217631
2
18446676612658217636
13
18446676612658217869
9
18446676612658218149
4
18446676612658233442
1
18446676612658233444
2
18446676612658233445
4
18446676612658233452
1
18446676612658233458
12
18446676612658233461
1
18446676616953200740
4
18446676616953200743
14
18446676616953200747
1
18446676616953200748
1
18446676616953200749
1
18446676616953200750
1
18446676616953200754
2
18446676616953200755
2
18446676616953200758
1
18446676621248168033
6
18446676625543119523
3
18446676625543135346
16
18446676625543135347
1
18446676629838102560
1236
18446676629838102562
1
18446676629838102568
2
18446676629838102569
2
18446676629838102572
31
18446676629838102574
3
18446676629838102575
5
18446676629838102586
1
18446676629838102587
1
18446676629838102625
9
18446676629838102627
47
18446676629838102628
64
18446676629838102629
2
18446676629838102631
8
18446676629838102632
726
18446676629838102635
18
18446676629838102636
8
18446676629838102637
126
18446676629838102638
19
18446676629838102639
3
18446676629838102640
6
18446676629838102642
57
18446676629838102643
48
18446676629838102644
45
18446676629838102646
1
18446676629838102650
8
18446676634133054121
2
18446676634133069934
1
18446676634133069940
1
18446676634133069941
1
18446676638428037167
38
18446676638428037235
2
18446676647017971744
595
18446676647017971746
8
18446676647017971753
5
18446676647017971756
75
18446676647017971758
15
18446676647017971771
2
18446676647017971809
44
18446676647017971810
4
18446676647017971811
115
18446676647017971812
2
18446676647017971814
1
18446676647017971816
2
18446676647017971818
8
18446676647017971819
151
18446676647017971820
116
18446676647017971821
206
18446676647017971822
104
18446676647017971824
532
18446676647017971826
14
18446676647017971827
484
18446676647017971828
31
18446676647017971830
99
18446676647017971834
9
18446676651312923533
5
18446676651312923809
10
18446676651312923838
1
18446676651312939124
1
18446676664197840993
42
18446676672787775520
4
18446676672787775586
26
18446676672787775588
5
18446676672787775591
166
18446676672787775594
1
18446676672787775596
2
18446676672787775597
19
18446676672787775598
26
18446676672787775600
35
18446676672787775602
13
18446676672787775603
3
18446676672787775604
8
18446676672787775607
13
18446676672787775610
6
18446676677082742882
32
18446676677082742883
5
18446676677082742884
1
18446676677082742890
1
18446676677082742891
14
18446676677082742892
10
18446676677082742893
29
18446676677082742898
107
18446676677082742899
96
18446676677082742900
3
18446676677082742902
27
18446676677082742906
22
18446676681377694910
69
18446676681377710180
1
18446676681377710181
1
18446676681377710188
1
18446676681377710192
6
18446676685672677408
2
18446676685672677423
1
18446676685672677478
1
18446676685672677479
14
18446676685672677483
1
18446676685672677485
1
18446676685672677486
4
18446676685672677488
1
18446676685672677490
16
18446676685672677491
40
18446676685672677492
7
18446676685672677494
3
18446676694262612066
1
18446676694262612068
1
18446676694262612071
2
18446676694262612074
4
18446676694262612076
1
18446676694262612078
2
18446676694262612082
6
18446676702852546592
561
18446676702852546604
14
18446676702852546606
33
18446676702852546658
4
18446676702852546659
342
18446676702852546660
188
18446676702852546664
2
18446676702852546667
7
18446676702852546668
32
18446676702852546669
6
18446676702852546670
23
18446676702852546672
34
18446676702852546674
285
18446676702852546675
87
18446676702852546676
85
18446676702852546678
55
18446676702852546682
44
18446676707147498381
153
18446676707147498657
126
18446676707147498661
5
18446676707147498686
1
18446676711442481250
14
18446676711442481252
1
18446676711442481254
16
18446676711442481255
7
18446676711442481256
1
18446676711442481260
15
18446676711442481262
7
18446676711442481266
17
18446676711442481267
2
18446676711442481274
1
18446676715737432735
1
18446676715737448480
696
18446676715737448492
7
18446676715737448546
17
18446676715737448547
867
18446676715737448552
2
18446676715737448555
131
18446676715737448556
11
18446676715737448557
401
18446676715737448558
7
18446676715737448560
6
18446676715737448562
144
18446676715737448563
22
18446676715737448564
24
18446676715737448565
1
18446676715737448566
26
18446676715737448570
5
18446676720032400545
1
18446676720032400574
7
18446677557551038496
10
18446677557551038563
7
18446677557551038564
2
18446677557551038570
1
18446677557551038572
3
18446677557551038573
4
18446677557551038574
2
18446677557551038578
19
18446677557551038579
8
18446677557551038580
19
18446677561845990590
1
18446677574730907680
28
18446677574730907692
2
18446677574730907747
5
18446677574730907748
1
18446677574730907760
2
18446677574730907763
1
18446677600500711456
1
18446677600500711525
5
18446677600500711529
11
18446677600500711530
7
18446677604795663243
2
18446677609090646048
2
18446677609090646062
21
18446677609090646113
169
18446677609090646114
3
18446677609090646117
451
18446677609090646121
415
18446677609090646122
1
18446677609090646123
7
18446677609090646124
671
18446677609090646126
364
18446677609090646127
52
18446677609090646131
3
18446677609090646132
22
18446677609090646133
21
18446677613385597613
36
18446677613385598088
19
18446677613385598113
9
18446677617680580640
15
18446677617680580654
7
18446677617680580705
13
18446677617680580717
1
18446677617680580719
1
18446677621975532734
2
18446677634860449824
1
18446677634860449891
1
18446677634860449892
1
18446677634860449898
1
18446677634860449901
1
18446677634860449906
2
18446677639155401889
2
18446677652040319008
6
18446677652040319082
10
18446677652040319091
6
18446677660630253600
14
18446677660630253667
1
18446677660630253671
6
18446677660630253684
1
18446677669220188194
2
18446677669220188260
7
18446677669220188268
3
18446677669220188270
2
18446677669220188274
3
18446677669220188276
4
18446677673515140249
1
18446677694989991968
1
18446677694989992037
4
18446677694989992041
34
18446677703579926625
1
18446677703579926633
34
18446677703579926645
2
18446677720759795809
3
18446677720759795826
1
18446677725054747559
1
18446677737939664994
13
18446677737939664995
1
18446677737939664996
3
18446677737939664999
3
18446677737939665006
5
18446677737939665012
2
18446677789479272553
10
18446677802364174434
2
18446677806659126408
35
18446677806659126462
85
18446677810954109025
3
18446677810954109045
1
18446677819544043552
6
18446677819544043561
1
18446677819544043564
1
18446677819544043617
24
18446677819544043627
5
18446677819544043629
1
18446677819544043630
6
18446677819544043631
14
18446677819544043635
17
18446677819544043637
5
18446678661357633568
21
18446678661357633633
9
18446678661357633635
2
18446678661357633637
5
18446678661357633647
9
18446678661357633653
5
18446678665652585139
2
18446678669947568162
1
18446678669947568227
5
18446678669947568243
9
18446678687127437344
95
18446678687127437356
2
18446678687127437409
100
18446678687127437423
72
18446678687127437427
2
18446678687127437429
80
18446678725782143008
4
18446678725782143021
1
18446678725782143079
2
18446678725782143081
2
18446678725782143090
1
18446678725782143098
1
18446678742962012269
1
18446678747256964232
54
18446678747256964257
8
18446678760141881376
2
18446678760141881378
1
18446678760141881388
2
18446678760141881445
4
18446678760141881454
3
18446678760141881455
3
18446678760141881459
12
18446678764436832941
6
18446678768731816035
2
18446678768731816044
1
18446678768731816050
2
18446678794501619744
1
18446678794501619809
26
18446678794501619811
5
18446678794501619813
276
18446678794501619817
103
18446678794501619819
330
18446678794501619820
9
18446678794501619822
323
18446678794501619823
17
18446678794501619824
121
18446678794501619827
8
18446678794501619828
943
18446678794501619829
1
18446678794501619830
1
18446678794501619833
1
18446678798796571309
11
18446678798796571563
3
18446678798796571809
45
18446678811681488928
66
18446678811681488940
3
18446678811681488993
16
18446678811681489007
4
18446678811681489010
2
18446678837451292786
16
18446678837451292788
2
18446678841746244769
2
18446678854631161888
1
18446678854631161890
2
18446678854631161965
1
18446678854631161971
10
18446678863221096566
1
18446678871811031072
6
18446678901875802222
1
18446678910465736809
1
18446678910465736810
1
18446678910465736814
6
18446678910465736819
8
18446678910465736821
1
18446678910465736825
51
18446678919055671328
46
18446678919055671340
1
18446678919055671342
1
18446678919055671393
85
18446678919055671394
61
18446678919055671396
48
18446678919055671397
236
18446678919055671401
386
18446678919055671403
96
18446678919055671404
1
18446678919055671406
102
18446678919055671407
11
18446678919055671411
3
18446678919055671413
36
18446678919055671417
10
18446678923350622889
1
18446678923350622893
56
18446678923350623368
21
18446678923350623393
4
18446688737350909984
4
18446688741645864372
2
18446688741645864578
39
18446688741645864579
4
18446688741645864580
9
18446688745940831665
1
18446688745940831674
1
18446688745940831675
2
18446688745940831677
2
18446688745940831872
1
18446688745940831873
4
18446688745940844576
66
18446688745940844589
1
18446688750235798972
11
18446688750235799169
2
18446688750235799170
44
18446688750235799172
1
18446688750235811872
1
18446688750235811951
5
18446688754530766257
73
18446688754530766260
3
18446688754530766266
6
18446688754530766271
20
18446688754530766464
3
18446688754530766468
6
18446688754530766473
3
18446688758825746464
67
18446688758825746477
1
18446688758825746479
1
18446688758825746482
1
18446688758825746550
5
18446688763120700847
7
18446688763120700850
1
18446688763120700851
7
18446688763120700852
3
18446688763120700856
9
18446688763120700857
40
18446688763120700858
15
18446688763120700859
7
18446688763120700860
5
18446688763120700861
17
18446688763120700862
1
18446688763120701056
6
18446688763120701057
20
18446688763120701058
30
18446688763120701059
10
18446688763120701060
69
18446688763120701061
4
18446688763120701062
7
18446688767415668145
3
18446688767415668149
2
18446688767415668153
4
18446688767415668159
7
18446688767415681135
1
18446688767415681142
2
18446688771710635437
1
18446688771710635439
49
18446688771710635441
4
18446688771710635443
12
18446688771710635445
28
18446688771710635447
1
18446688771710635449
23
18446688771710635450
2
18446688771710635453
4
18446688771710635455
3
18446688771710635649
8
18446688771710635653
2
18446688771710648431
6
18446688776005602735
4
18446688776005602737
1
18446688776005602741
13
18446688776005602743
1
18446688776005602745
24
18446688776005602751
13
18446688776005602945
5
18446688776005602953
2
18446688776005615648
3
18446688776005615657
2
18446688776005615662
3
18446688776005615734
2
18446688780300570031
22
18446688780300570034
2
18446688780300570035
9
18446688780300570036
2
18446688780300570037
4
18446688780300570040
5
18446688780300570041
31
18446688780300570042
9
18446688780300570043
43
18446688780300570044
1
18446688780300570045
8
18446688780300570240
14
18446688780300570241
10
18446688780300570243
3
18446688780300570244
3
18446688780300570245
35
18446688780300570246
2
18446688780300570247
11
18446688780300570253
1
18446688784595550240
10
18446688784595550326
2
18446688788890504627
1
18446688788890504635
10
18446688788890504636
4
18446688788890504637
12
18446688788890504833
2
18446688788890504834
14
18446688788890504835
11
18446688788890504836
17
18446688788890504839
3
18446688788890517545
1
18446688788890517615
7
18446688793185471921
2
18446688793185471925
5
18446688793185471927
4
18446688793185471933
5
18446688793185471935
4
18446688793185472129
3
18446688793185472142
3
18446688793185484832
17
18446688793185484846
3
18446688793185484911
13
18446688793185484918
5
18446688797480439212
4
18446688797480439217
43
18446688797480439220
24
18446688797480439221
5
18446688797480439223
7
18446688797480439226
135
18446688797480439228
5
18446688797480439229
7
18446688797480439231
24
18446688797480439424
1
18446688797480439425
17
18446688797480439427
25
18446688797480439428
6
18446688797480439433
1
18446688797480439438
3
18446688797480452207
1
18446688801775406508
4
18446688801775406510
93
18446688801775406513
22
18446688801775406516
1
18446688801775406517
6
18446688801775406519
8
18446688801775406527
14
18446688801775406720
4
18446688801775406721
4
18446688801775406724
12
18446688801775406732
30
18446688801775406733
39
18446688801775406734
7
18446688801775419503
28
18446688806070373804
40
18446688806070373806
7
18446688806070373807
1
18446688806070373809
4
18446688806070373813
14
18446688806070373815
2
18446688806070373817
7
18446688806070373819
42
18446688806070373820
3
18446688806070373823
35
18446688806070374021
2
18446688806070374022
2
18446688806070374025
4
18446688806070374030
2
18446688806070386799
2
18446688810365341100
5
18446688810365341101
3
18446688810365341102
6
18446688810365341103
4
18446688810365341105
46
18446688810365341106
7
18446688810365341109
5
18446688810365341111
4
18446688810365341113
6
18446688810365341116
3
18446688810365341119
5
18446688810365341312
1
18446688810365341317
1
18446688810365341321
2
18446688810365341326
2
18446688810365354016
37
18446688810365354030
1
18446688810365354031
1
18446688810365354095
6
18446688814660308399
3
18446688814660308401
10
18446688814660308404
1
18446688814660308405
13
18446688814660308407
1
18446688814660308409
24
18446688814660308415
34
18446688814660308612
12
18446688814660308617
9
18446688814660308622
5
18446688818955275705
1
18446688818955288608
34
18446688818955288621
2
18446688823250242991
2
18446688823250242993
1
18446688823250242994
1
18446688823250242995
32
18446688823250242996
16
18446688823250243000
1
18446688823250243001
18
18446688823250243002
5
18446688823250243003
40
18446688823250243004
5
18446688823250243005
19
18446688823250243200
10
18446688823250243201
6
18446688823250243202
55
18446688823250243203
16
18446688823250243204
4
18446688823250243205
36
18446688823250243206
2
18446688823250243207
2
18446688823250243208
1
18446688823250243213
16
18446689647883976745
1
18446689647883976815
1
18446689647883976822
1
18446689652178931121
26
18446689652178931125
5
18446689652178931128
1
18446689652178931129
19
18446689652178931131
6
18446689652178931133
1
18446689652178931135
24
18446689652178931329
49
18446689652178931332
15
18446689652178931333
2
18446689652178931340
1
18446689652178944111
14
18446689656473898413
1
18446689656473898417
17
18446689656473898419
30
18446689656473898420
2
18446689656473898421
4
18446689656473898423
6
18446689656473898424
4
18446689656473898425
51
18446689656473898428
5
18446689656473898431
67
18446689656473898629
4
18446689656473898631
12
18446689656473898633
2
18446689656473898636
9
18446689656473898637
2
18446689656473898638
3
18446689656473911328
185
18446689656473911330
2
18446689656473911340
2
18446689665063833006
1
18446689665063833007
2
18446689665063833009
3
18446689665063833015
23
18446689665063833016
2
18446689665063833017
7
18446689665063833018
6
18446689665063833023
4
18446689665063833219
3
18446689665063833220
33
18446689665063833221
7
18446689665063833223
9
18446689665063833225
1
18446689665063833228
1
18446689665063845934
3
18446689665063845999
8
18446689669358800300
2
18446689669358800301
6
18446689669358800302
10
18446689669358800303
7
18446689669358800305
14
18446689669358800309
21
18446689669358800311
26
18446689669358800313
51
18446689669358800315
5
18446689669358800316
6
18446689669358800319
35
18446689669358800513
53
18446689669358800515
1
18446689669358800517
13
18446689669358800521
6
18446689669358800524
3
18446689669358813216
16
18446689669358813228
1
18446689669358813302
1
18446689673653767603
10
18446689673653767612
18
18446689673653767613
2
18446689673653767808
9
18446689673653767809
35
18446689673653767811
2
18446689673653767812
28
18446689673653767815
19
18446689677948734894
5
18446689677948734897
3
18446689677948734904
2
18446689677948735105
4
18446689677948735109
4
18446689677948735118
2
18446689677948747887
2
18446689682243702191
15
18446689682243702193
3
18446689682243702197
17
18446689682243702201
16
18446689682243702205
10
18446689682243702207
10
18446689682243702414
1
18446689686538669701
6
18446689686538682486
1
18446689690833636796
5
18446689690833636797
17
18446689690833636992
1
18446689690833636995
3
18446689690833636996
6
18446689699423584288
19
18446689703718538674
1
18446689703718538675
1
18446689703718538684
3
18446689703718538685
9
18446689703718538882
4
18446689703718538884
7
18446689703718551584
6
18446689708013505979
7
18446689708013505980
2
18446689708013506176
39
18446689708013506177
1
18446689708013506180
1
18446689708013506183
2
18446689708013518966
1
18446689712308473268
1
18446689712308473271
2
18446689712308473277
17
18446689712308473279
1
18446689712308473473
6
