2259
137438953506
140
137438953511
1
137438953512
660
137438953515
1
137438953517
15
137438953518
2
137438953519
1
137438953520
1
137438953521
813
137438953522
409
137438953523
172
137438953524
125
137438953525
213
137438953526
57
137438953527
52
137438953528
43
137438953529
14
137438953563
48
137438953569
1360
137438953570
557
137438953571
413
137438953572
3254
137438953573
585
137438953574
511
137438953575
514
137438953576
166
137438953577
2862
137438953578
686
137438953579
2022
137438953580
928
137438953581
1180
137438953582
1835
137438953583
2453
137438953584
4142
137438953585
14
137438953586
623
137438953587
2831
137438953588
1594
137438953589
1417
137438953590
2017
137438953591
75
137438953592
1
137438953593
52
137438953594
2324
137438953596
2652
141731921812
75
141733905057
7
141733905060
8
141733905061
1
141733905065
14
141733905077
6
141733905078
4
141733905080
2
141733905082
1
141733905084
19
141733905281
6
141733905291
5
141733905293
804
141733905313
3
141733905315
2
141733905335
6
141733905538
3
141733905561
2
141733905563
3
141733905569
357
141733905598
60
141733907884
3
141733907886
3
141733907889
41
141733907890
3
141733907891
11
141733907892
7
141733907893
38
141733907895
1
141733907896
9
141733907897
18
141733907898
22
141733907899
1
141733907900
17
141733907901
25
141733907903
23
141733908096
49
141733908097
3
141733908099
23
141733908100
28
141733908101
13
141733908102
7
141733908103
13
141733908104
4
141733908105
2
146028888096
87
146028888105
261
146028888108
29
146028888110
2
146028888122
9
146028888123
1
146028888161
28
146028888162
24
146028888163
2
146028888164
38
146028888165
8
146028888166
20
146028888167
17
146028888168
6
146028888169
9
146028888171
22
146028888172
14
146028888173
70
146028888174
9
146028888175
18
146028888176
27
146028888178
4
146028888179
32
146028888180
9
146028888181
12
146028888182
17
146028888183
6
146028888186
5
150321856404
2
150323839657
2
150323839674
1
150323839676
1
150323839885
1
150323842495
1
150323842692
1
163208757363
2
167503724576
16
167503724641
16
167503724645
49
167503724648
1
167503724649
7
167503724655
3
167503724659
1
167503724661
1
171798676137
6
171798678961
1
171798691874
258
171798691885
3
171798691889
35
171798691890
40
171798691891
24
171798691892
9
171798691893
1
171798691894
4
171798691895
1
171798691896
1
171798691897
1
171798691937
97
171798691938
76
171798691939
44
171798691940
67
171798691941
44
171798691942
25
171798691943
7
171798691944
8
171798691945
75
171798691946
3
171798691947
10
171798691948
6
171798691949
16
171798691950
29
171798691951
25
171798691952
21
171798691954
24
171798691955
23
171798691956
2
171798691957
17
171798691958
34
171798691960
1
171798691961
2
171798691962
11
176093643432
10
176093643433
1
176093643452
1
176093643661
9
176093643937
2
176093646257
1
176093646261
1
176093646266
1
176093646468
4
176093659168
532
176093659170
23
176093659176
11
176093659177
3
176093659180
187
176093659182
13
176093659183
10
176093659186
1
176093659194
3
176093659195
22
176093659229
1
176093659233
1
176093659234
3
176093659236
5
176093659240
1
176093659241
1
176093659244
2
176093659252
4
176093659253
1
176093659254
2
184683593760
1
188978561056
2790
188978561058
1
188978561068
3
188978561074
1
188978561075
1
188978561124
55
188978561126
2
188978561135
1
188978561136
11
188978561139
1
188978561140
4
188978561141
10
193273513121
1
193273515651
1
193273528352
442
193273528364
8
193273528365
336
193273528369
1
193273528417
15
193273528418
2
193273528419
3
193273528420
7
193273528421
9
193273528422
20
193273528423
6
193273528424
3
193273528425
19
193273528426
4
193273528427
7
193273528428
13
193273528429
14
193273528430
4
193273528431
7
193273528432
5
193273528433
2
193273528434
10
193273528435
3
193273528436
14
193273528437
12
193273528438
7
193273528439
1
197568479905
1
197568479913
1
197568480161
1
197568480167
1
197568482739
2
197568482944
1
197568495648
837
197568495650
8
197568495657
39
197568495660
2
197568495661
5
197568495665
104
197568495666
120
197568495667
54
197568495668
26
197568495669
19
197568495670
19
197568495671
18
197568495672
3
197568495673
2
197568495674
2
197568495713
31
197568495714
7
197568495715
10
197568495716
39
197568495717
17
197568495718
4
197568495719
1
197568495720
7
197568495721
5
197568495723
8
197568495724
1
197568495725
11
197568495726
2
197568495727
2
197568495728
1
197568495730
4
197568495731
9
197568495732
13
197568495733
23
197568495734
17
197568495738
3
201863447201
1
201863447222
1
201863450037
3
201863450041
3
201863450042
2
201863450044
1
201863450045
2
201863450240
10
201863450244
2
201863450245
4
201863462944
26
201863462957
2
201863462961
56
201863462962
25
201863462963
23
201863462964
26
201863462965
7
201863462966
5
201863462967
1
201863462969
2
201863463009
39
201863463010
77
201863463011
3
201863463012
22
201863463013
90
201863463014
39
201863463015
11
201863463016
23
201863463017
8
201863463019
13
201863463020
15
201863463021
14
201863463022
6
201863463023
7
201863463024
13
201863463026
5
201863463027
10
201863463028
6
201863463029
4
201863463030
6
201863463033
2
201863463034
2
206158414518
2
206158417338
1
206158417340
1
206158430240
106
206158430248
8
206158430249
9
206158430252
16
206158430253
2
206158430254
32
206158430255
13
206158430256
236
206158430257
18
206158430258
17
206158430259
17
206158430260
123
206158430261
10
206158430262
14
206158430263
17
206158430264
3
206158430265
2
206158430267
1
206158430301
6
206158430305
1
206158430306
1
210453397536
108
210453397544
8
210453397545
33
210453397548
36
210453397549
2
210453397550
406
210453397551
12
210453397552
37
210453397553
35
210453397554
45
210453397555
34
210453397556
27
210453397557
27
210453397558
18
210453397559
18
210453397560
23
210453397561
430
210453397562
2
210453397597
15
214748364832
118
214748364840
5
214748364841
34
214748364844
53
214748364845
8
214748364846
158
214748364847
20
214748364848
262
214748364849
29
214748364850
14
214748364851
47
214748364852
35
214748364853
23
214748364854
7
214748364855
14
214748364856
34
214748364857
16
214748364859
1
214748364893
11
219043332128
95
219043332136
9
219043332137
18
219043332140
29
219043332141
2
219043332142
135
219043332143
12
219043332144
19
219043332145
51
219043332146
10
219043332147
19
219043332148
24
219043332149
18
219043332150
41
219043332151
20
219043332152
24
219043332153
17
219043332189
10
223338299424
232
223338299432
7
223338299433
12
223338299436
38
223338299437
1
223338299438
71
223338299439
18
223338299440
25
223338299441
9
223338299442
9
223338299443
13
223338299444
13
223338299445
18
223338299446
18
223338299447
10
223338299448
13
223338299449
6
223338299450
1
223338299485
10
227633266720
70
227633266728
10
227633266729
9
227633266732
28
227633266733
1
227633266734
210
227633266735
21
227633266736
12
227633266737
16
227633266738
11
227633266739
9
227633266740
8
227633266741
11
227633266742
11
227633266743
3
227633266744
23
227633266745
8
227633266781
10
231928234016
69
231928234024
7
231928234025
12
231928234028
10
231928234029
5
231928234030
49
231928234031
22
231928234032
9
231928234033
10
231928234034
5
231928234035
3
231928234036
16
231928234037
3
231928234038
4
231928234039
3
231928234040
25
231928234041
13
231928234042
1
231928234043
1
231928234077
8
236223201312
48
236223201320
8
236223201321
7
236223201324
20
236223201326
34
236223201327
30
236223201328
10
236223201329
19
236223201330
4
236223201331
5
236223201332
1
236223201333
15
236223201334
27
236223201335
21
236223201336
19
236223201337
10
236223201373
6
240518168608
52
240518168616
18
240518168617
6
240518168620
25
240518168622
38
240518168623
52
240518168624
36
240518168625
12
240518168626
14
240518168627
19
240518168628
14
240518168629
33
240518168630
15
240518168631
26
240518168632
30
240518168633
21
240518168669
6
244813135904
63
244813135912
2
244813135913
6
244813135916
9
244813135917
1
244813135918
14
244813135919
28
244813135920
8
244813135921
15
244813135922
16
244813135923
10
244813135924
58
244813135925
42
244813135926
25
244813135927
76
244813135928
163
244813135929
170
244813135965
6
249108103200
153
249108103268
1
249108103284
1
249108103286
1
253403070496
118
253403070581
16
261993005088
2
390842023985
44
390842023986
20
390842023987
4
390842023988
4
390842023989
4
390842023990
4
390842023991
4
390842023992
4
390842023993
4
390842024036
2
390842024050
1
399431958560
69
399431958572
10
399431958574
1
399431958645
1
412316860448
6
416611827744
7072
416611827746
58
416611827751
16
416611827753
90
416611827756
476
416611827757
6
416611827758
25
416611827759
41
416611827762
5
416611827770
69
416611827771
27
416611827808
6
416611827809
70
416611827810
677
416611827811
646
416611827812
756
416611827813
37
416611827814
40
416611827815
337
416611827816
546
416611827817
66
416611827818
1109
416611827819
792
416611827820
2185
416611827821
508
416611827822
3321
416611827823
2
416611827824
209
416611827825
2
416611827826
1524
416611827827
560
416611827828
1179
416611827829
174
416611827830
2430
416611827831
15
416611827832
20
416611827834
620
420906779303
2
420906779309
1
420906779310
1
420906779313
38
420906779322
9
420906779531
3
420906779533
136
420906779559
2
420906779580
2
420906779778
26
420906779780
8
420906779801
13
420906779803
2
420906779809
67
420906779834
1
420906779838
232
420906795040
61
420906795042
1
420906795049
60
420906795052
10
420906795053
1
420906795054
13
420906795105
353
420906795106
9
420906795107
4
420906795108
111
420906795109
572
420906795111
3
420906795113
434
420906795114
107
420906795115
2
420906795116
771
420906795117
2
420906795118
201
420906795119
358
420906795122
371
420906795123
55
420906795125
48
420906795126
52
420906795129
21
420906795130
2
425201746593
2
425201746601
9
425201746605
1
425201746616
2
425201746620
2
425201746817
6
425201746829
5
425201746835
2
425201747089
1
425201762336
138
425201762338
2
425201762345
51
425201762348
46
425201762349
1
425201762350
14
425201762351
1
425201762358
1
425201762362
1
425201762401
488
425201762403
23
425201762404
1
425201762405
628
425201762408
958
425201762409
1413
425201762410
16
425201762411
55
425201762412
34
425201762413
4
425201762414
391
425201762415
264
425201762418
19
425201762419
16
425201762420
191
425201762421
90
425201762422
1
425201762423
3
425201762425
14
425201762426
41
429496713897
2
429496713898
1
429496713901
17
429496714155
10
429496714370
4
429496729632
772
429496729634
8
429496729639
52
429496729641
30
429496729644
16
429496729645
8
429496729646
17
429496729647
2
429496729659
3
429496729697
850
429496729698
137
429496729699
2
429496729700
44
429496729701
1777
429496729703
36
429496729704
49
429496729705
1732
429496729706
83
429496729707
25
429496729708
96
429496729709
34
429496729710
512
429496729711
1307
429496729712
52
429496729714
1186
429496729715
157
429496729716
6
429496729717
203
429496729718
105
429496729719
13
429496729721
45
429496729722
93
433791681185
1
433791681188
1
433791681193
5
433791681197
2
433791681203
4
433791681212
3
433791681421
7
433791681427
2
433791681435
4
433791681451
1
433791681681
1
433791681711
10
433791681722
2
433791681726
1
433791696928
5327
433791696930
49
433791696936
12
433791696937
74
433791696940
462
433791696941
25
433791696942
33
433791696943
84
433791696946
5
433791696947
2
433791696948
1
433791696949
1
433791696950
1
433791696954
6
433791696955
11
433791696993
67
433791696994
393
433791696995
648
433791696996
1385
433791696997
148
433791696998
44
433791696999
1091
433791697000
274
433791697001
258
433791697002
614
433791697003
789
433791697004
1189
433791697005
1225
433791697006
2938
433791697007
69
433791697008
171
433791697009
3
433791697010
2213
433791697011
870
433791697012
1388
433791697013
215
433791697014
1016
433791697015
21
433791697016
80
433791697017
13
433791697018
318
438086648479
1
438086648481
3
438086648484
2
438086648485
2
438086648493
1
438086648715
6
438086648717
94
438086648737
1
438086648766
8
438086648993
116
438086649020
2
438086649022
51
438086651323
2
438086664224
129
438086664226
1
438086664233
12
438086664289
225
438086664290
1
438086664293
123
438086664294
20
438086664295
8
438086664296
1
438086664297
527
438086664298
1
438086664300
26
438086664301
1
438086664303
236
438086664306
74
438086664307
19
438086664308
51
438086664309
34
438086664313
14
442381615780
5
442381615789
2
442381615798
7
442381615800
5
442381615802
2
442381615804
18
442381616273
2
442381631520
205
442381631522
3
442381631529
11
442381631532
5
442381631533
2
442381631534
25
442381631535
1
442381631585
1059
442381631586
1
442381631588
85
442381631589
572
442381631590
7
442381631591
5
442381631592
7
442381631593
1159
442381631594
7
442381631595
13
442381631596
98
442381631598
76
442381631599
578
442381631600
2
442381631602
290
442381631603
116
442381631604
12
442381631605
79
442381631607
1
442381631609
141
442381631610
7
446676583073
1
446676583076
3
446676583081
19
446676583085
37
446676583091
3
446676583094
2
446676583100
4
446676583335
1
446676583554
1
446676583585
1
446676583595
2
446676598816
1545
446676598818
2
446676598825
11
446676598828
99
446676598829
5
446676598830
21
446676598842
1
446676598843
5
446676598881
165
446676598882
14
446676598884
1
446676598885
312
446676598886
1
446676598888
9
446676598889
666
446676598890
2
446676598891
101
446676598892
56
446676598893
2
446676598894
254
446676598895
241
446676598898
40
446676598899
23
446676598900
159
446676598901
71
446676598903
11
446676598905
15
446676598906
2
450971550369
2
450971550372
11
450971550373
1
450971550374
1
450971550377
15
450971550390
18
450971550392
3
450971550396
1
450971550397
2
450971550593
2
450971566112
4158
450971566114
8
450971566121
68
450971566124
339
450971566125
5
450971566126
33
450971566127
44
450971566138
9
450971566139
5
450971566177
840
450971566178
30
450971566179
1978
450971566180
246
450971566181
705
450971566182
419
450971566183
149
450971566184
1270
450971566185
121
450971566186
1367
450971566187
974
450971566188
1025
450971566189
702
450971566190
2954
450971566191
515
450971566192
397
450971566193
80
450971566194
850
450971566195
1219
450971566196
1657
450971566197
27
450971566198
764
450971566199
12
450971566200
1
450971566202
1515
455266517664
1
455266517665
14
455266517668
1
455266517673
4
455266517674
1
455266517675
38
455266517677
1
455266517683
15
455266517692
1
455266517899
10
455266517901
395
455266517913
1
455266517943
3
455266518148
2
455266518177
202
455266518195
3
455266518204
1
455266518206
6
455266520497
10
455266533408
549
455266533410
1
455266533417
3
455266533420
46
455266533422
3
455266533423
2
455266533435
2
455266533473
3014
455266533476
1
455266533477
2488
455266533478
1
455266533480
2
455266533481
555
455266533483
20
455266533485
118
455266533486
217
455266533487
782
455266533488
5
455266533491
161
455266533493
599
455266533494
11
455266533498
2
459561484964
3
459561484966
1
459561484982
1
459561484986
1
459561485185
2
459561485189
18
459561485473
60
459561500704
271
459561500706
21
459561500713
7
459561500716
14
459561500717
2
459561500718
1
459561500719
5
459561500730
1
459561500769
1639
459561500771
28
459561500772
28
459561500773
602
459561500775
1
459561500776
5
459561500777
1302
459561500778
24
459561500779
11
459561500780
937
459561500781
13
459561500782
9
459561500783
1420
459561500786
201
459561500787
109
459561500788
756
459561500789
575
459561500790
346
459561500791
6
459561500793
1
463856452257
122
463856452260
14
463856452265
17
463856452275
1
463856452278
6
463856452280
2
463856452284
4
463856452285
13
463856452481
23
463856452485
2
463856452493
1
463856452540
2
463856452769
12
463856452787
3
463856455300
1
463856468000
469
463856468002
2
463856468007
32
463856468008
3
463856468009
4
463856468012
21
463856468013
23
463856468014
11
463856468015
1
463856468018
2
463856468019
1
463856468027
1
463856468065
1911
463856468066
3
463856468067
31
463856468068
35
463856468069
1547
463856468070
6
463856468071
140
463856468072
1
463856468073
2364
463856468074
1632
463856468075
90
463856468076
175
463856468077
41
463856468078
630
463856468079
1965
463856468080
3
463856468081
1
463856468082
1
463856468083
234
463856468084
197
463856468085
142
463856468086
6
463856468087
3
463856468089
9
463856468090
1
468151419553
15
468151419556
37
468151419558
14
468151419560
1
468151419561
21
468151419563
1
468151419565
7
468151419571
54
468151419572
29
468151419573
2
468151419574
3
468151419580
1
468151419777
2
468151419781
1
468151419789
6
468151419795
1
468151419799
1
468151419801
4
468151419819
5
468151420049
1
468151420079
1
468151420094
1
468151435296
1201
468151435298
2
468151435302
2
468151435305
8
468151435308
90
468151435309
10
468151435310
3
468151435311
1
468151435322
1
468151435323
4
468151435361
1444
468151435362
129
468151435364
8
468151435365
1430
468151435366
3
468151435367
6
468151435368
1
468151435369
713
468151435371
4
468151435372
58
468151435373
89
468151435374
45
468151435375
425
468151435376
60
468151435378
8
468151435379
47
468151435380
8
468151435381
163
468151435382
6
468151435383
1
468151435385
3
472446386849
5
472446386852
10
472446386857
47
472446386861
1
472446386867
1
472446386870
3
472446386876
1
472446387073
8
472446387085
12
472446387095
10
472446387099
6
472446387115
1
472446387330
1
472446387345
1
472446387361
6
472446387377
1
472446402592
2054
472446402594
35
472446402600
1
472446402601
27
472446402604
40
472446402605
18
472446402606
6
472446402607
18
472446402611
1
472446402613
1
472446402614
2
472446402618
2
472446402619
1
472446402657
2613
472446402658
4
472446402659
145
472446402660
601
472446402661
1990
472446402662
65
472446402663
292
472446402664
31
472446402665
3827
472446402666
2008
472446402667
115
472446402668
46
472446402669
56
472446402670
54
472446402671
2077
472446402672
24
472446402673
3
472446402674
9
472446402675
508
472446402676
500
472446402677
270
472446402678
14
472446402679
3
472446402681
38
472446402682
26
476741354145
43
476741354148
14
476741354150
5
476741354151
6
476741354153
40
476741354157
132
476741354163
5
476741354166
2
476741354170
1
476741354173
14
476741354369
3
476741354381
92
476741354391
12
476741354393
15
476741354395
2
476741354411
2
476741354641
3
476741354657
15
476741354684
50
476741354686
66
476741369888
3419
476741369890
25
476741369897
16
476741369900
266
476741369901
55
476741369902
7
476741369903
24
476741369914
2
476741369915
10
476741369953
8
476741369954
1115
476741369955
169
476741369956
1323
476741369957
62
476741369958
210
476741369959
1031
476741369960
24
476741369961
116
476741369962
395
476741369963
1196
476741369964
1586
476741369965
1193
476741369966
653
476741369967
90
476741369968
774
476741369969
1
476741369970
1537
476741369971
2066
476741369972
676
476741369973
136
476741369974
1296
476741369975
34
476741369976
2
476741369977
20
476741369978
281
481036321677
415
481036321697
21
481036321699
25
481036321719
1
481036321922
9
481036321924
8
481036321945
2
481036321953
264
481036321980
6
481036321982
91
481036324271
3
481036324274
1
481036324275
25
481036324276
6
481036324280
1
481036324282
2
481036324283
28
481036324284
7
481036324480
3
481036324481
1
481036324482
3
481036324485
8
481036324487
3
481036324488
1
481036337184
69
481036337198
2
481036337199
5
481036337249
297
481036337253
487
481036337254
23
481036337256
32
481036337257
337
481036337258
1
481036337259
27
481036337260
599
481036337262
135
481036337263
3007
481036337264
22
481036337266
2466
481036337267
115
481036337268
28
481036337269
103
485331288740
13
485331288742
4
485331288745
38
485331288749
2
485331288755
1
485331288756
4
485331288757
1
485331288762
2
485331288961
1
485331288979
2
485331289218
1
485331289241
1
485331289249
1
485331304480
1
485331304545
1
485331304563
2
485331304565
127
485331304567
1
489626271776
957
489626271778
57
489626271784
16
489626271785
20
489626271788
35
489626271789
17
489626271790
53
489626271791
36
489626271794
1
489626271841
2818
489626271842
37
489626271843
265
489626271844
247
489626271845
2129
489626271846
4
489626271847
511
489626271848
250
489626271849
1899
489626271850
183
489626271851
109
489626271852
78
489626271853
380
489626271854
259
489626271855
1367
489626271856
29
489626271857
24
489626271858
53
489626271859
465
489626271860
335
489626271861
567
489626271862
96
489626271863
14
489626271865
114
489626271866
161
493921223329
12
493921223332
8
493921223333
2
493921223337
15
493921223338
1
493921223341
5
493921223347
3
493921223350
4
493921223352
1
493921223354
1
493921223356
17
493921223553
1
493921223571
1
493921223577
1
493921223585
12
493921223587
7
493921223595
4
493921223841
44
493921223851
1
493921223855
1
493921223870
540
493921239072
822
493921239074
18
493921239081
21
493921239084
61
493921239085
25
493921239086
8
493921239087
13
493921239093
1
493921239094
1
493921239099
4
493921239137
850
493921239138
28
493921239139
306
493921239140
7
493921239141
1145
493921239142
8
493921239143
9
493921239144
39
493921239145
664
493921239146
25
493921239147
1216
493921239148
345
493921239149
72
493921239150
157
493921239151
603
493921239152
1152
493921239154
108
493921239155
116
493921239156
3354
493921239157
161
493921239158
143
493921239159
8
493921239161
77
493921239162
117
498216190625
1
498216190627
1
498216190628
4
498216190633
6
498216190637
2
498216190648
2
498216190652
3
498216190849
4
498216191106
1
498216206368
817
498216206370
35
498216206376
20
498216206377
28
498216206380
93
498216206381
10
498216206382
19
498216206383
28
498216206386
1
498216206387
1
498216206388
4
498216206389
1
498216206390
1
498216206394
2
498216206395
16
498216206433
1383
498216206434
8
498216206435
4
498216206436
12
498216206437
3049
498216206438
4
498216206439
6
498216206440
154
498216206441
1954
498216206442
94
498216206443
72
498216206444
50
498216206445
17
498216206446
288
498216206447
1532
498216206448
1
498216206450
1320
498216206451
212
498216206452
40
498216206453
848
498216206454
523
498216206455
23
498216206457
76
498216206458
4
502511157920
44
502511157921
14
502511157924
27
502511157925
4
502511157926
1
502511157928
3
502511157929
76
502511157933
13
502511157939
4
502511157942
1
502511157946
12
502511157948
4
502511158145
17
502511158149
15
502511158163
1
502511158187
1
502511158425
6
502511158443
17
502511158447
2
502511160751
1
502511173664
692
502511173666
6
502511173673
12
502511173676
100
502511173677
2
502511173678
7
502511173679
1
502511173683
1
502511173690
5
502511173691
3
502511173729
106
502511173730
91
502511173731
51
502511173732
262
502511173733
102
502511173734
9
502511173735
252
502511173736
9
502511173737
62
502511173738
251
502511173739
141
502511173740
308
502511173741
184
502511173742
709
502511173743
54
502511173744
319
502511173746
932
502511173747
888
502511173748
249
502511173749
21
502511173750
56
502511173751
12
502511173752
37
502511173754
22
506806125215
1
506806125223
1
506806125225
4
506806125229
1
506806125233
3
506806125453
190
506806125473
1
506806125475
4
506806125698
9
506806125729
120
506806125758
56
506806128050
1
506806140960
1516
506806140962
3
506806140969
10
506806140972
128
506806140974
24
506806140986
39
506806140987
6
506806141025
1826
506806141026
30
506806141027
10
506806141028
6
506806141029
1783
506806141031
8
506806141033
867
506806141034
43
506806141035
137
506806141036
416
506806141037
8
506806141038
871
506806141039
657
506806141040
33
506806141041
2
506806141042
104
506806141043
405
506806141044
85
506806141045
39
506806141046
2
506806141049
41
506806141050
37
511101092513
12
511101092516
4
511101092517
11
511101092518
1
511101092521
14
511101092525
16
511101092541
6
511101092749
3
511101092763
10
511101093025
10
511101095345
4
511101095348
1
511101095349
4
511101095353
2
511101095556
5
511101095561
1
511101108256
28
511101108258
6
511101108268
1
511101108269
1
511101108270
3
511101108271
3
511101108321
43
511101108325
62
511101108328
3
511101108329
44
511101108331
6
511101108332
1
511101108333
1
511101108334
13
511101108335
8
511101108338
13
511101108339
3
511101108340
1
511101108341
3
511101108343
1
511101108345
33
515396060290
4
515396075552
31
515396075561
2
515396075565
1
515396075567
1
515396075617
47
515396075619
1
515396075621
36
515396075625
16
515396075627
3
515396075632
3
519691027113
1
519691042848
199
519691042850
15
519691042857
12
519691042860
18
519691042867
2
519691042875
9
519691042913
59
519691042914
2
519691042915
69
519691042916
39
519691042917
10
519691042919
29
519691042920
2
519691042921
7
519691042922
2
519691042923
14
519691042924
26
519691042925
17
519691042926
84
519691042927
3
519691042928
15
519691042930
23
519691042931
73
519691042932
42
519691042934
1
519691042935
1
519691042938
3
523985994401
6
523985994413
6
523985994419
7
523985994422
2
523985994913
2
523985994940
9
523986010144
587
523986010146
1
523986010153
2
523986010156
2
523986010171
1
523986010209
1654
523986010210
58
523986010211
4
523986010212
544
523986010213
214
523986010215
26
523986010216
15
523986010217
749
523986010218
22
523986010219
154
523986010220
67
523986010221
27
523986010222
477
523986010223
411
523986010224
160
523986010226
16
523986010227
12
523986010228
40
523986010229
52
523986010230
261
523986010231
2
523986010233
13
523986010234
5
528280961697
49
528280961709
2
528280961724
3
528280961921
1
528280961925
3
528280961933
1
528280962193
2
528280962201
4
528280962209
2
532575944736
2652
18438158623063408672
75
18438158623063408747
1
18438158623063408748
3
18446676586888429600
2
18446676586888429602
1
18446676586888429667
1
18446676586888429676
1
18446676591183396896
45
18446676595478364192
144
18446676595478364201
7
18446676595478364259
9
18446676595478364260
4
18446676595478364263
39
18446676595478364266
2
18446676595478364267
1
18446676595478364268
15
18446676595478364269
2
18446676595478364270
14
18446676595478364272
8
18446676595478364274
24
18446676595478364275
11
18446676595478364276
18
18446676595478364278
4
18446676595478364282
2
18446676599773316232
1
18446676599773316249
4
18446676599773316286
2
18446676604068298863
3
18446676608363266093
1
18446676608363266095
1
18446676608363266146
3
18446676608363266148
11
18446676608363266150
2
18446676608363266151
3
18446676608363266153
2
18446676608363266155
31
18446676608363266156
10
18446676608363266157
3
18446676608363266158
21
18446676608363266162
42
18446676608363266163
6
18446676608363266164
26
18446676608363266169
1
18446676612658217631
2
18446676612658217636
13
18446676612658233442
1
18446676612658233444
2
18446676612658233445
4
18446676612658233452
1
18446676612658233458
12
18446676612658233461
1
18446676616953200740
4
18446676616953200743
14
18446676616953200747
1
18446676616953200748
1
18446676616953200749
1
18446676616953200750
1
18446676616953200754
2
18446676616953200755
2
18446676616953200758
1
18446676621248168033
7
18446676625543119523
2
18446676625543135346
13
18446676625543135347
1
18446676629838102560
54
18446676629838102568
2
18446676629838102625
9
18446676629838102627
41
18446676629838102628
60
18446676629838102629
2
18446676629838102631
7
18446676629838102632
10
18446676629838102635
17
18446676629838102636
8
18446676629838102637
8
18446676629838102638
15
18446676629838102639
3
18446676629838102640
6
18446676629838102642
36
18446676629838102643
48
18446676629838102644
29
18446676629838102646
1
18446676629838102650
1
18446676634133054121
2
18446676634133069934
1
18446676634133069940
1
18446676634133069941
1
18446676638428037167
38
18446676638428037235
1
18446676647017971744
119
18446676647017971746
4
18446676647017971753
1
18446676647017971756
2
18446676647017971809
44
18446676647017971811
7
18446676647017971812
2
18446676647017971814
1
18446676647017971816
2
18446676647017971819
13
18446676647017971820
1
18446676647017971821
12
18446676647017971822
20
18446676647017971826
1
18446676647017971827
4
18446676647017971828
20
18446676647017971830
2
18446676647017971834
4
18446676651312939124
1
18446676664197840993
41
18446676672787775520
4
18446676672787775588
3
18446676672787775591
56
18446676672787775596
2
18446676672787775597
1
18446676672787775598
11
18446676672787775600
2
18446676672787775602
3
18446676672787775603
3
18446676672787775607
14
18446676672787775610
3
18446676677082742893
29
18446676677082742898
4
18446676681377710180
1
18446676681377710181
1
18446676681377710188
1
18446676681377710192
6
18446676685672677408
2
18446676685672677423
1
18446676685672677478
1
18446676685672677479
14
18446676685672677480
2
18446676685672677483
1
18446676685672677485
1
18446676685672677486
4
18446676685672677488
1
18446676685672677490
16
18446676685672677491
40
18446676685672677492
7
18446676685672677494
3
18446676694262612066
1
18446676694262612068
1
18446676694262612071
2
18446676694262612074
4
18446676694262612076
1
18446676694262612078
2
18446676694262612082
6
18446676702852546658
2
18446676702852546660
9
18446676702852546674
14
18446676702852546675
1
18446676702852546676
1
18446676702852546682
3
18446676711442481250
14
18446676711442481252
1
18446676711442481254
16
18446676711442481255
7
18446676711442481256
1
18446676711442481260
15
18446676711442481262
7
18446676711442481266
18
18446676711442481267
2
18446676711442481274
1
18446676715737432735
1
18446676715737448480
22
18446676715737448547
10
18446676715737448564
3
18446677557551038496
10
18446677557551038563
7
18446677557551038564
2
18446677557551038570
1
18446677557551038572
3
18446677557551038573
4
18446677557551038574
2
18446677557551038578
19
18446677557551038579
8
18446677557551038580
19
18446677561845990590
1
18446677574730907680
28
18446677574730907692
2
18446677574730907747
5
18446677574730907748
1
18446677574730907760
2
18446677574730907763
1
18446677600500711456
1
18446677600500711525
5
18446677600500711529
11
18446677600500711530
7
18446677604795663243
2
18446677609090646048
42
18446677609090646057
1
18446677609090646060
2
18446677609090646113
200
18446677609090646114
45
18446677609090646117
477
18446677609090646121
236
18446677609090646122
65
18446677609090646123
116
18446677609090646124
656
18446677609090646126
449
18446677609090646127
7
18446677609090646130
21
18446677609090646133
46
18446677613385597613
2
18446677634860449824
1
18446677634860449891
1
18446677634860449892
1
18446677634860449898
1
18446677634860449901
1
18446677634860449906
2
18446677639155401889
2
18446677652040319008
6
18446677652040319082
10
18446677652040319091
7
18446677660630253600
14
18446677660630253667
1
18446677660630253671
5
18446677660630253684
1
18446677669220188194
2
18446677669220188260
7
18446677669220188268
3
18446677669220188270
2
18446677669220188274
3
18446677669220188276
4
18446677673515140249
1
18446677694989991968
1
18446677694989992037
4
18446677694989992041
34
18446677703579926625
2
18446677703579926633
34
18446677703579926645
2
18446677720759795809
3
18446677720759795826
1
18446677725054747559
1
18446677737939664994
13
18446677737939664996
3
18446677737939664999
3
18446677737939665006
6
18446677737939665012
2
18446677789479272553
10
18446677810954109025
3
18446677810954109045
1
18446677819544043552
1
18446677819544043635
7
18446678661357633568
21
18446678661357633633
11
18446678661357633635
2
18446678661357633637
5
18446678661357633647
9
18446678661357633653
5
18446678661357633657
2
18446678665652585139
4
18446678669947568162
1
18446678669947568227
5
18446678669947568243
11
18446678669947568245
1
18446678687127437427
1
18446678725782143008
4
18446678725782143021
1
18446678725782143079
2
18446678725782143081
2
18446678725782143090
1
18446678725782143098
1
18446678760141881376
2
18446678760141881378
1
18446678760141881388
2
18446678760141881445
4
18446678760141881454
3
18446678760141881455
3
18446678760141881459
12
18446678764436832941
6
18446678768731816035
2
18446678768731816044
1
18446678768731816050
2
18446678794501619744
1
18446678794501619809
51
18446678794501619811
5
18446678794501619813
141
18446678794501619817
30
18446678794501619818
14
18446678794501619819
198
18446678794501619820
8
18446678794501619822
247
18446678794501619823
186
18446678794501619824
16
18446678794501619828
295
18446678794501619829
1
18446678794501619830
1
18446678798796571309
2
18446678798796571533
89
18446678798796571563
3
18446678798796571809
2
18446678837451292786
16
18446678837451292788
2
18446678841746244769
2
18446678854631161888
1
18446678854631161890
2
18446678854631161965
1
18446678854631161971
10
18446678863221096566
1
18446678871811031072
6
18446678901875802222
1
18446678901875802229
2
18446678910465736809
1
18446678910465736810
1
18446678910465736814
6
18446678910465736819
8
18446678910465736821
1
18446678910465736825
51
18446678919055671328
2
18446678919055671342
1
18446678919055671393
556
18446678919055671394
22
18446678919055671397
397
18446678919055671401
75
18446678919055671402
4
18446678919055671403
1
18446678919055671404
1
18446678919055671406
31
18446678919055671407
2
18446678919055671413
5
18446678919055671417
10
18446688737350909984
4
18446688741645864372
2
18446688741645864578
39
18446688741645864579
4
18446688741645864580
9
18446688745940831665
1
18446688745940831674
1
18446688745940831675
2
18446688745940831677
2
18446688745940831872
1
18446688745940831873
4
18446688745940844576
66
18446688745940844589
1
18446688750235798972
11
18446688750235799169
2
18446688750235799170
44
18446688750235799172
1
18446688750235811872
1
18446688750235811951
5
18446688754530766257
73
18446688754530766260
3
18446688754530766266
6
18446688754530766271
20
18446688754530766464
3
18446688754530766468
6
18446688754530766473
3
18446688758825746464
67
18446688758825746477
1
18446688758825746479
1
18446688758825746482
1
18446688758825746550
5
18446688763120700847
7
18446688763120700850
1
18446688763120700851
7
18446688763120700852
3
18446688763120700856
9
18446688763120700857
40
18446688763120700858
15
18446688763120700859
7
18446688763120700860
5
18446688763120700861
17
18446688763120700862
1
18446688763120701056
6
18446688763120701057
20
18446688763120701058
30
18446688763120701059
10
18446688763120701060
69
18446688763120701061
4
18446688763120701062
7
18446688763120713840
1
18446688767415668145
3
18446688767415668149
2
18446688767415668153
4
18446688767415668159
7
18446688767415681135
1
18446688767415681142
2
18446688771710635437
1
18446688771710635439
49
18446688771710635441
4
18446688771710635443
12
18446688771710635445
28
18446688771710635447
1
18446688771710635449
23
18446688771710635450
2
18446688771710635453
4
18446688771710635455
3
18446688771710635649
8
18446688771710635653
2
18446688771710648431
6
18446688776005602735
4
18446688776005602737
1
18446688776005602741
13
18446688776005602743
1
18446688776005602745
24
18446688776005602751
13
18446688776005602945
5
18446688776005602953
2
18446688776005615648
3
18446688776005615657
2
18446688776005615662
3
18446688776005615734
2
18446688780300570031
22
18446688780300570034
2
18446688780300570035
9
18446688780300570036
2
18446688780300570037
4
18446688780300570040
5
18446688780300570041
31
18446688780300570042
9
18446688780300570043
43
18446688780300570044
1
18446688780300570045
8
18446688780300570240
14
18446688780300570241
10
18446688780300570243
3
18446688780300570244
3
18446688780300570245
35
18446688780300570246
2
18446688780300570247
11
18446688780300570253
1
18446688784595550240
10
18446688784595550326
2
18446688788890504627
1
18446688788890504635
10
18446688788890504636
4
18446688788890504637
12
18446688788890504833
2
18446688788890504834
14
18446688788890504835
11
18446688788890504836
17
18446688788890504839
3
18446688788890517545
1
18446688788890517615
7
18446688793185471921
2
18446688793185471925
5
18446688793185471927
4
18446688793185471933
5
18446688793185471935
4
18446688793185472129
3
18446688793185472142
3
18446688793185484832
17
18446688793185484846
3
18446688793185484911
13
18446688793185484918
5
18446688797480439212
4
18446688797480439217
43
18446688797480439220
24
18446688797480439221
5
18446688797480439223
7
18446688797480439226
135
18446688797480439228
5
18446688797480439229
7
18446688797480439231
24
18446688797480439424
1
18446688797480439425
17
18446688797480439427
25
18446688797480439428
6
18446688797480439433
1
18446688797480439438
3
18446688797480452207
1
18446688801775406508
4
18446688801775406510
93
18446688801775406513
22
18446688801775406516
1
18446688801775406517
6
18446688801775406519
8
18446688801775406527
14
18446688801775406720
4
18446688801775406721
4
18446688801775406724
12
18446688801775406732
30
18446688801775406733
39
18446688801775406734
7
18446688801775419503
28
18446688806070373804
40
18446688806070373806
7
18446688806070373807
1
18446688806070373809
4
18446688806070373813
14
18446688806070373815
2
18446688806070373817
7
18446688806070373819
42
18446688806070373820
3
18446688806070373823
35
18446688806070374021
2
18446688806070374022
2
18446688806070374025
4
18446688806070374030
2
18446688806070386799
2
18446688810365341100
5
18446688810365341101
3
18446688810365341102
6
18446688810365341103
4
18446688810365341105
46
18446688810365341106
7
18446688810365341109
5
18446688810365341111
4
18446688810365341113
6
18446688810365341116
3
18446688810365341119
5
18446688810365341312
1
18446688810365341317
1
18446688810365341321
2
18446688810365341326
2
18446688810365354016
37
18446688810365354030
1
18446688810365354031
1
18446688810365354095
6
18446688814660308399
3
18446688814660308401
10
18446688814660308404
1
18446688814660308405
13
18446688814660308407
1
18446688814660308409
24
18446688814660308415
34
18446688814660308612
12
18446688814660308617
9
18446688814660308622
5
18446688818955275705
1
18446688818955288608
34
18446688818955288621
2
18446688823250242991
2
18446688823250242993
1
18446688823250242994
1
18446688823250242995
32
18446688823250242996
16
18446688823250243000
1
18446688823250243001
18
18446688823250243002
5
18446688823250243003
40
18446688823250243004
5
18446688823250243005
19
18446688823250243200
10
18446688823250243201
6
18446688823250243202
55
18446688823250243203
16
18446688823250243204
4
18446688823250243205
36
18446688823250243206
2
18446688823250243207
2
18446688823250243208
1
18446688823250243213
16
18446689647883976745
1
18446689647883976815
1
18446689647883976822
1
18446689652178931121
26
18446689652178931125
5
18446689652178931128
1
18446689652178931129
19
18446689652178931131
6
18446689652178931133
1
18446689652178931135
24
18446689652178931329
49
18446689652178931332
15
18446689652178931333
2
18446689652178931340
1
18446689652178944111
14
18446689656473898413
1
18446689656473898417
17
18446689656473898419
30
18446689656473898420
2
18446689656473898421
4
18446689656473898423
6
18446689656473898424
4
18446689656473898425
51
18446689656473898428
5
18446689656473898431
67
18446689656473898629
4
18446689656473898631
12
18446689656473898633
2
18446689656473898636
9
18446689656473898637
2
18446689656473898638
3
18446689656473911328
185
18446689656473911330
2
18446689656473911340
2
18446689665063833006
1
18446689665063833007
2
18446689665063833009
3
18446689665063833015
23
18446689665063833016
2
18446689665063833017
7
18446689665063833018
6
18446689665063833023
4
18446689665063833219
3
18446689665063833220
33
18446689665063833221
7
18446689665063833223
9
18446689665063833225
1
18446689665063833228
1
18446689665063845934
3
18446689665063845999
8
18446689669358800300
2
18446689669358800301
6
18446689669358800302
10
18446689669358800303
7
18446689669358800305
14
18446689669358800309
21
18446689669358800311
26
18446689669358800313
51
18446689669358800315
5
18446689669358800316
6
18446689669358800319
35
18446689669358800513
53
18446689669358800515
1
18446689669358800517
13
18446689669358800521
6
18446689669358800524
3
18446689669358813216
16
18446689669358813228
1
18446689669358813302
1
18446689673653767603
10
18446689673653767612
18
18446689673653767613
2
18446689673653767808
9
18446689673653767809
35
18446689673653767811
2
18446689673653767812
28
18446689673653767815
19
18446689677948734894
5
18446689677948734897
3
18446689677948734904
2
18446689677948735105
4
18446689677948735109
4
18446689677948735118
2
18446689677948747887
2
18446689682243702191
15
18446689682243702193
3
18446689682243702197
17
18446689682243702201
16
18446689682243702205
10
18446689682243702207
10
18446689682243702414
1
18446689686538669701
6
18446689686538682486
1
18446689690833636796
5
18446689690833636797
17
18446689690833636992
1
18446689690833636995
3
18446689690833636996
6
18446689699423584288
19
18446689703718538674
1
18446689703718538675
1
18446689703718538684
3
18446689703718538685
9
18446689703718538882
4
18446689703718538884
7
18446689703718551584
6
18446689708013505979
7
18446689708013505980
2
18446689708013506176
39
18446689708013506177
1
18446689708013506180
1
18446689708013506183
2
18446689708013518966
1
18446689712308473268
1
18446689712308473271
2
18446689712308473277
17
18446689712308473279
1
18446689712308473473
6
