2296
137438953506
126
137438953511
1
137438953512
615
137438953515
1
137438953517
37
137438953519
1
137438953520
1
137438953521
760
137438953522
412
137438953523
171
137438953524
124
137438953525
211
137438953526
50
137438953527
52
137438953528
43
137438953529
13
137438953563
52
137438953569
3568
137438953570
1391
137438953571
440
137438953572
2707
137438953573
2098
137438953574
2462
137438953575
840
137438953576
734
137438953577
2352
137438953578
195
137438953579
1141
137438953580
605
137438953581
2326
137438953582
526
137438953583
2273
137438953584
1550
137438953585
18
137438953586
640
137438953587
3470
137438953588
1698
137438953589
1818
137438953590
1186
137438953591
80
137438953592
1
137438953593
593
137438953594
86
137438953596
2652
141731921812
110
141733905056
1
141733905057
7
141733905060
284
141733905061
479
141733905065
14
141733905077
6
141733905078
131
141733905080
2
141733905082
1
141733905084
18
141733905281
6
141733905291
5
141733905293
5
141733905313
3
141733905315
2
141733905335
6
141733905538
3
141733905561
2
141733905563
3
141733905569
37
141733905598
2
141733907884
3
141733907886
3
141733907889
41
141733907890
3
141733907891
11
141733907892
7
141733907893
38
141733907895
1
141733907896
9
141733907897
18
141733907898
22
141733907899
1
141733907900
17
141733907901
25
141733907903
23
141733908096
49
141733908097
3
141733908099
23
141733908100
28
141733908101
13
141733908102
7
141733908103
13
141733908104
4
141733908105
2
146028888096
100
146028888105
256
146028888108
13
146028888110
2
146028888161
25
146028888162
28
146028888163
5
146028888164
33
146028888165
13
146028888166
21
146028888167
7
146028888168
4
146028888169
7
146028888171
21
146028888172
16
146028888173
70
146028888174
10
146028888175
17
146028888176
21
146028888178
4
146028888179
32
146028888180
8
146028888181
13
146028888182
17
146028888183
3
146028888186
5
150321856404
2
150323839657
1
150323839674
1
150323839676
1
150323839885
2
150323842495
1
150323842692
1
163208757363
2
167503724576
16
167503724641
19
167503724645
49
167503724648
1
167503724649
7
167503724655
3
167503724659
1
167503724661
1
171798676137
6
171798678961
1
171798691874
251
171798691885
3
171798691889
22
171798691890
11
171798691891
11
171798691892
6
171798691893
1
171798691894
1
171798691895
1
171798691896
1
171798691897
1
171798691937
56
171798691938
19
171798691939
5
171798691940
28
171798691941
34
171798691942
26
171798691943
5
171798691944
7
171798691945
24
171798691946
1
171798691947
2
171798691948
15
171798691949
17
171798691950
14
171798691951
7
171798691952
20
171798691954
6
171798691955
21
171798691956
21
171798691957
17
171798691958
8
171798691959
1
171798691961
2
171798691962
1
176093643428
1
176093643432
10
176093643433
1
176093643452
1
176093646257
1
176093646261
1
176093646266
1
176093646468
4
176093659168
528
176093659170
5
176093659176
1
176093659177
2
176093659180
45
176093659182
6
176093659183
9
176093659186
1
176093659194
4
176093659195
12
176093659233
3
176093659234
4
176093659235
2
176093659236
5
176093659237
28
176093659240
1
176093659241
2
176093659243
1
176093659244
2
176093659248
1
176093659250
1
176093659251
1
176093659252
7
176093659253
6
176093659254
2
176093659255
1
184683593760
1
188978561056
1455
188978561058
2
188978561074
1
188978561075
1
188978561077
2
188978561125
12
188978561129
1
193273515651
1
193273528352
572
193273528361
1
193273528364
27
193273528365
336
193273528369
10
193273528371
1
193273528372
1
193273528417
9
193273528418
2
193273528419
2
193273528420
6
193273528421
10
193273528422
16
193273528423
14
193273528424
4
193273528425
16
193273528426
7
193273528427
6
193273528428
12
193273528429
4
193273528430
15
193273528431
7
193273528432
5
193273528433
2
193273528434
10
193273528435
4
193273528436
8
193273528437
4
193273528438
7
193273528439
1
197568479905
1
197568479913
1
197568480161
1
197568480167
1
197568482739
2
197568482944
1
197568495648
513
197568495650
8
197568495657
42
197568495660
1
197568495661
5
197568495665
133
197568495666
150
197568495667
67
197568495668
29
197568495669
19
197568495670
22
197568495671
18
197568495672
3
197568495673
2
197568495674
2
197568495713
33
197568495714
7
197568495715
10
197568495716
49
197568495717
18
197568495718
4
197568495719
2
197568495720
7
197568495721
10
197568495723
9
197568495724
1
197568495725
14
197568495726
2
197568495727
2
197568495728
1
197568495730
6
197568495731
9
197568495732
13
197568495733
24
197568495734
14
197568495738
3
201863447201
1
201863447222
1
201863450037
3
201863450041
3
201863450042
2
201863450044
1
201863450045
2
201863450240
10
201863450244
2
201863450245
4
201863462944
26
201863462961
56
201863462962
25
201863462963
23
201863462964
26
201863462965
7
201863462966
5
201863462967
1
201863462969
2
201863463009
28
201863463010
78
201863463011
3
201863463012
20
201863463013
99
201863463014
40
201863463015
6
201863463016
33
201863463017
9
201863463019
15
201863463020
13
201863463021
15
201863463022
5
201863463023
7
201863463024
13
201863463026
5
201863463027
9
201863463028
6
201863463029
4
201863463030
7
201863463033
2
201863463034
2
206158414518
2
206158417338
1
206158417340
1
206158430240
120
206158430249
9
206158430252
13
206158430254
9
206158430255
13
206158430256
236
206158430257
18
206158430258
17
206158430259
18
206158430260
123
206158430261
11
206158430262
14
206158430263
17
206158430264
3
206158430265
2
206158430266
1
206158430267
1
206158430301
6
206158430305
1
206158430306
6
206158430315
3
206158430324
4
210453397536
347
210453397545
11
210453397548
31
210453397549
4
210453397550
197
210453397551
12
210453397552
29
210453397553
35
210453397554
20
210453397555
36
210453397556
27
210453397557
27
210453397558
18
210453397559
18
210453397560
23
210453397561
431
210453397562
1
210453397597
15
210453397603
1
210453397610
1
210453397613
1
210453397619
1
210453397620
1
214748364832
123
214748364841
10
214748364844
61
214748364845
1
214748364846
156
214748364847
20
214748364848
262
214748364849
29
214748364850
14
214748364851
47
214748364852
35
214748364853
23
214748364854
7
214748364855
14
214748364856
34
214748364857
16
214748364858
2
214748364859
1
214748364893
11
219043332128
126
219043332137
6
219043332140
34
219043332141
3
219043332142
123
219043332143
12
219043332144
19
219043332145
51
219043332146
10
219043332147
19
219043332148
24
219043332149
18
219043332150
41
219043332151
20
219043332152
24
219043332153
17
219043332154
2
219043332189
10
219043332196
1
223336300436
1
223338299424
244
223338299433
9
223338299436
34
223338299438
70
223338299439
18
223338299440
26
223338299441
9
223338299442
9
223338299443
13
223338299444
13
223338299445
18
223338299446
18
223338299447
10
223338299448
13
223338299449
6
223338299450
6
223338299485
10
223338299501
1
227633266720
81
227633266729
9
227633266732
25
227633266733
1
227633266734
213
227633266735
21
227633266736
12
227633266737
16
227633266738
11
227633266739
9
227633266740
8
227633266741
12
227633266742
11
227633266743
3
227633266744
23
227633266745
8
227633266781
10
231928218277
1
231928234016
67
231928234025
9
231928234028
11
231928234030
57
231928234031
22
231928234032
9
231928234033
10
231928234034
5
231928234035
3
231928234036
16
231928234037
3
231928234038
4
231928234039
3
231928234040
25
231928234041
13
231928234042
2
231928234043
1
231928234077
8
236223201312
59
236223201321
6
236223201324
15
236223201326
38
236223201327
30
236223201328
10
236223201329
19
236223201330
4
236223201331
5
236223201332
1
236223201333
15
236223201334
27
236223201335
21
236223201336
19
236223201337
10
236223201373
6
240518168608
77
240518168617
5
240518168620
20
240518168622
30
240518168623
52
240518168624
36
240518168625
12
240518168626
14
240518168627
19
240518168628
14
240518168629
33
240518168630
15
240518168631
26
240518168632
29
240518168633
21
240518168634
2
240518168669
6
240518168686
1
244811136916
1
244813120165
1
244813135904
71
244813135913
5
244813135916
7
244813135917
4
244813135918
7
244813135919
28
244813135920
8
244813135921
14
244813135922
15
244813135923
10
244813135924
59
244813135925
42
244813135926
25
244813135927
76
244813135928
163
244813135929
171
244813135930
2
244813135965
7
249108103200
148
249108103202
1
249108103268
1
249108103282
1
253403070496
59
253403070561
1
253403070581
16
261993005088
2
390842023985
44
390842023986
20
390842023987
4
390842023988
4
390842023989
4
390842023990
4
390842023991
4
390842023992
4
390842023993
4
390842024034
1
390842024037
8
390842024041
18
390842024045
3
390842024050
11
399431958560
87
399431958562
20
399431958569
1
399431958572
11
399431958574
1
399431958575
1
399431958645
1
412316860448
6
416611827744
4366
416611827746
49
416611827751
16
416611827753
66
416611827756
108
416611827757
5
416611827758
21
416611827759
41
416611827762
5
416611827770
2
416611827771
12
416611827805
1
416611827808
6
416611827809
69
416611827810
120
416611827811
223
416611827812
648
416611827813
38
416611827814
69
416611827815
723
416611827816
48
416611827817
66
416611827818
116
416611827819
509
416611827820
1751
416611827821
1033
416611827822
3106
416611827823
4
416611827824
285
416611827825
2
416611827826
3302
416611827827
995
416611827828
2605
416611827829
216
416611827830
1619
416611827831
17
416611827832
22
416611827833
2
416611827834
39
420904796070
1
420906779301
31
420906779303
2
420906779309
1
420906779310
1
420906779313
38
420906779322
9
420906779531
3
420906779533
4
420906779559
2
420906779580
2
420906779778
26
420906779780
9
420906779801
13
420906779803
2
420906779809
3
420906779834
1
420906779838
10
420906795040
19
420906795042
1
420906795049
48
420906795052
5
420906795053
1
420906795054
11
420906795105
266
420906795106
11
420906795107
4
420906795108
6
420906795109
1404
420906795111
4
420906795113
1008
420906795114
4
420906795115
2
420906795116
156
420906795118
25
420906795119
185
420906795122
81
420906795123
43
420906795125
49
420906795126
6
420906795129
109
420906795130
2
425201746593
2
425201746596
27
425201746597
7
425201746601
9
425201746605
1
425201746614
88
425201746616
2
425201746620
2
425201746817
6
425201746835
2
425201747089
1
425201762336
38
425201762345
33
425201762348
4
425201762349
19
425201762350
13
425201762351
1
425201762358
1
425201762401
243
425201762403
21
425201762404
1
425201762405
292
425201762408
2176
425201762409
730
425201762410
15
425201762411
285
425201762412
34
425201762413
4
425201762414
40
425201762415
205
425201762418
19
425201762419
16
425201762420
194
425201762421
70
425201762422
1
425201762423
3
425201762425
23
425201762426
41
429496713897
2
429496713898
1
429496713901
17
429496714155
10
429496714370
4
429496729632
1503
429496729634
10
429496729639
52
429496729641
27
429496729644
57
429496729645
11
429496729646
26
429496729647
2
429496729658
57
429496729659
4
429496729697
865
429496729698
70
429496729699
3
429496729700
51
429496729701
4070
429496729702
24
429496729703
37
429496729704
32
429496729705
1378
429496729706
36
429496729707
59
429496729708
601
429496729709
14
429496729710
834
429496729711
323
429496729712
11
429496729714
304
429496729715
192
429496729716
35
429496729717
190
429496729718
54
429496729719
13
429496729721
46
429496729722
47
433791681185
1
433791681188
62
433791681189
12
433791681193
5
433791681197
2
433791681203
4
433791681206
25
433791681212
3
433791681421
7
433791681427
2
433791681435
4
433791681451
1
433791681681
1
433791681711
10
433791681722
2
433791696928
3457
433791696930
44
433791696937
50
433791696940
132
433791696941
34
433791696942
16
433791696943
82
433791696946
5
433791696947
2
433791696948
1
433791696949
1
433791696950
1
433791696954
4
433791696955
6
433791696987
12
433791696989
7
433791696993
95
433791696994
77
433791696995
641
433791696996
1715
433791696997
228
433791696998
158
433791696999
451
433791697000
306
433791697001
237
433791697002
26
433791697003
896
433791697004
1888
433791697005
985
433791697006
4421
433791697007
60
433791697008
137
433791697009
3
433791697010
5628
433791697011
1603
433791697012
2660
433791697013
353
433791697014
517
433791697015
22
433791697016
421
433791697017
16
433791697018
30
438086648479
1
438086648481
3
438086648484
3
438086648485
15
438086648493
1
438086648715
6
438086648717
5
438086648737
1
438086648766
8
438086648993
1
438086649020
2
438086651323
2
438086664224
143
438086664226
1
438086664233
10
438086664236
1
438086664238
10
438086664239
1
438086664289
658
438086664290
1
438086664293
200
438086664294
61
438086664295
8
438086664296
1
438086664297
499
438086664298
3
438086664300
58
438086664301
1
438086664303
323
438086664306
306
438086664307
14
438086664308
236
438086664309
69
438086664313
140
442381615780
288
442381615781
77
442381615785
1
442381615789
2
442381615798
1543
442381615800
4
442381615802
2
442381615804
18
442381616273
2
442381616275
1
442381631520
1475
442381631522
7
442381631529
22
442381631532
127
442381631533
5
442381631534
32
442381631535
2
442381631546
3
442381631581
2
442381631585
1102
442381631586
2
442381631588
148
442381631589
1205
442381631590
11
442381631591
169
442381631592
322
442381631593
1069
442381631594
12
442381631595
13
442381631596
111
442381631597
3
442381631598
186
442381631599
207
442381631600
3
442381631602
303
442381631603
460
442381631604
263
442381631605
23
442381631606
6
442381631607
1
442381631609
209
442381631610
7
446676583073
1
446676583076
120
446676583077
77
446676583081
20
446676583085
37
446676583091
3
446676583094
82
446676583100
4
446676583335
1
446676583554
1
446676583585
1
446676583595
2
446676598816
1289
446676598818
1
446676598825
7
446676598828
6
446676598829
1
446676598830
15
446676598831
9
446676598843
4
446676598881
570
446676598882
17
446676598884
1
446676598885
1030
446676598886
1
446676598888
8
446676598889
430
446676598890
8
446676598891
1
446676598892
48
446676598893
2
446676598894
93
446676598895
215
446676598898
25
446676598899
22
446676598900
38
446676598901
134
446676598903
11
446676598905
47
446676598906
2
450971550369
2
450971550372
138
450971550373
104
450971550374
1
450971550377
15
450971550390
274
450971550392
3
450971550396
1
450971550397
2
450971550593
2
450971566112
1790
450971566114
6
450971566121
57
450971566124
23
450971566125
8
450971566126
8
450971566127
44
450971566139
1
450971566177
874
450971566178
28
450971566179
714
450971566180
434
450971566181
936
450971566182
465
450971566183
1088
450971566184
22
450971566185
120
450971566186
320
450971566187
1035
450971566188
1943
450971566189
200
450971566190
4389
450971566191
1037
450971566192
252
450971566193
81
450971566194
527
450971566195
1904
450971566196
1441
450971566197
60
450971566198
760
450971566199
12
450971566200
1
450971566202
94
455266517664
1
455266517665
14
455266517668
2
455266517672
3
455266517673
4
455266517674
1
455266517675
38
455266517677
1
455266517683
15
455266517692
1
455266517899
10
455266517901
9
455266517913
1
455266517943
3
455266518148
2
455266518177
5
455266518195
3
455266518204
1
455266520497
10
455266533408
125
455266533417
4
455266533422
1
455266533473
516
455266533476
48
455266533477
150
455266533478
1
455266533480
1
455266533481
18
455266533483
8
455266533484
23
455266533486
40
455266533487
75
455266533488
1
455266533491
32
455266533492
17
455266533493
295
455266533494
6
455266533498
2
459561484964
195
459561484966
1
459561484982
112
459561484986
1
459561485185
2
459561485189
18
459561500704
365
459561500706
20
459561500713
12
459561500716
18
459561500717
7
459561500718
7
459561500719
3
459561500730
2
459561500769
1853
459561500771
4
459561500772
43
459561500773
1227
459561500774
1
459561500775
8
459561500776
22
459561500777
600
459561500778
1
459561500779
14
459561500780
294
459561500781
5
459561500782
342
459561500783
893
459561500784
3
459561500786
319
459561500787
423
459561500788
1273
459561500789
345
459561500790
345
459561500791
6
459561500793
34
463856452257
122
463856452260
223
463856452265
17
463856452275
2
463856452278
106
463856452280
2
463856452284
4
463856452285
13
463856452481
23
463856452485
2
463856452493
1
463856452540
2
463856452769
9
463856452787
3
463856455300
1
463856468000
1310
463856468002
2
463856468007
35
463856468009
5
463856468012
34
463856468013
25
463856468014
12
463856468015
1
463856468018
2
463856468019
1
463856468026
21
463856468059
3
463856468065
1627
463856468066
16
463856468067
7
463856468068
865
463856468069
1733
463856468070
36
463856468071
159
463856468072
52
463856468073
1667
463856468074
217
463856468075
147
463856468076
2486
463856468077
160
463856468078
118
463856468079
1025
463856468080
14
463856468081
1
463856468082
49
463856468083
465
463856468084
414
463856468085
281
463856468086
170
463856468087
3
463856468089
36
463856468090
1
468151419553
15
468151419556
531
468151419557
9
468151419558
14
468151419560
1
468151419561
21
468151419565
7
468151419571
54
468151419572
29
468151419573
2
468151419574
7
468151419580
1
468151419777
2
468151419781
1
468151419795
1
468151419799
2
468151419801
5
468151419819
5
468151420049
1
468151420079
1
468151435296
2043
468151435298
1
468151435302
2
468151435305
5
468151435308
15
468151435309
10
468151435310
10
468151435311
4
468151435322
1
468151435323
1
468151435361
1167
468151435362
128
468151435364
13
468151435365
2206
468151435366
178
468151435367
39
468151435368
237
468151435369
839
468151435370
5
468151435371
8
468151435372
14
468151435373
427
468151435374
281
468151435375
356
468151435376
224
468151435378
75
468151435379
478
468151435380
94
468151435381
69
468151435382
9
468151435383
1
468151435385
123
472446386849
5
472446386852
198
472446386853
130
472446386857
47
472446386861
1
472446386867
1
472446386870
35
472446386876
1
472446387073
8
472446387095
10
472446387099
6
472446387115
1
472446387330
1
472446387345
1
472446387377
1
472446402592
3180
472446402594
30
472446402600
1
472446402601
20
472446402604
131
472446402605
27
472446402606
31
472446402607
14
472446402611
1
472446402613
1
472446402614
2
472446402618
8
472446402619
3
472446402653
19
472446402657
1516
472446402658
22
472446402659
141
472446402660
2487
472446402661
1271
472446402662
118
472446402663
2309
472446402664
115
472446402665
2868
472446402666
84
472446402667
276
472446402668
277
472446402669
140
472446402670
558
472446402671
438
472446402672
54
472446402673
3
472446402674
65
472446402675
1711
472446402676
991
472446402677
182
472446402678
85
472446402679
3
472446402681
65
472446402682
18
476741354145
43
476741354148
256
476741354149
43
476741354150
5
476741354151
6
476741354153
40
476741354157
132
476741354163
5
476741354166
25
476741354170
1
476741354173
14
476741354369
3
476741354381
9
476741354391
12
476741354393
15
476741354395
2
476741354411
2
476741354641
3
476741354684
50
476741354686
9
476741369888
398
476741369890
17
476741369897
5
476741369900
8
476741369901
109
476741369903
24
476741369953
16
476741369954
111
476741369955
1390
476741369956
273
476741369957
59
476741369958
230
476741369959
645
476741369960
10
476741369961
23
476741369962
62
476741369963
168
476741369964
1163
476741369965
2647
476741369966
1218
476741369967
68
476741369968
218
476741369969
1
476741369970
1358
476741369971
226
476741369972
349
476741369973
123
476741369974
283
476741369975
33
476741369976
4
476741369977
21
476741369978
27
481036321445
8
481036321677
1
481036321697
21
481036321699
25
481036321719
1
481036321922
9
481036321924
8
481036321945
2
481036321953
16
481036321980
6
481036324271
3
481036324274
1
481036324275
25
481036324276
6
481036324280
1
481036324282
2
481036324283
28
481036324284
7
481036324480
3
481036324481
1
481036324482
3
481036324485
8
481036324487
3
481036324488
1
481036337184
83
481036337193
1
481036337196
3
481036337198
1
481036337199
5
481036337249
302
481036337250
2
481036337252
18
481036337253
720
481036337254
69
481036337255
40
481036337256
45
481036337257
133
481036337260
495
481036337261
4
481036337262
53
481036337263
319
481036337264
271
481036337266
472
481036337267
111
481036337268
35
481036337269
216
481036337270
3
485331288740
18
485331288741
570
485331288742
3
485331288745
38
485331288749
2
485331288755
1
485331288756
4
485331288757
1
485331288758
1
485331288762
2
485331288961
1
485331288979
2
485331289218
1
485331289241
1
485331289249
1
485331304480
1
485331304489
1
485331304545
1
485331304563
1
485331304565
132
485331304567
1
489626271776
4492
489626271778
63
489626271784
11
489626271785
27
489626271788
224
489626271789
17
489626271790
47
489626271791
35
489626271794
2
489626271795
1
489626271797
3
489626271802
13
489626271803
4
489626271835
5
489626271837
11
489626271841
1881
489626271842
163
489626271843
261
489626271844
636
489626271845
1923
489626271846
137
489626271847
432
489626271848
95
489626271849
1499
489626271850
80
489626271851
1464
489626271852
142
489626271853
481
489626271854
565
489626271855
744
489626271856
36
489626271857
24
489626271858
119
489626271859
1303
489626271860
787
489626271861
635
489626271862
236
489626271863
13
489626271865
139
489626271866
68
493921223329
12
493921223332
460
493921223333
261
493921223337
15
493921223338
1
493921223341
5
493921223347
3
493921223350
47
493921223352
1
493921223354
1
493921223356
17
493921223553
1
493921223571
1
493921223577
1
493921223585
12
493921223587
7
493921223595
4
493921223851
1
493921223855
1
493921223870
1
493921239072
2420
493921239074
20
493921239081
21
493921239084
53
493921239085
50
493921239086
40
493921239087
14
493921239093
1
493921239094
1
493921239098
2
493921239099
3
493921239137
952
493921239138
235
493921239139
309
493921239140
38
493921239141
869
493921239142
46
493921239143
47
493921239144
63
493921239145
871
493921239146
268
493921239147
2034
493921239148
391
493921239149
126
493921239150
143
493921239151
1588
493921239152
512
493921239154
34
493921239155
920
493921239156
3084
493921239157
295
493921239158
260
493921239159
8
493921239161
196
493921239162
119
498216190625
1
498216190627
1
498216190628
173
498216190629
90
498216190633
6
498216190637
2
498216190646
76
498216190648
2
498216190652
3
498216190849
4
498216191106
1
498216206368
3419
498216206370
38
498216206376
5
498216206377
34
498216206380
119
498216206381
15
498216206382
39
498216206383
26
498216206385
1
498216206386
1
498216206387
1
498216206388
4
498216206389
1
498216206390
1
498216206394
7
498216206395
14
498216206427
15
498216206433
2138
498216206434
756
498216206435
15
498216206436
8
498216206437
3681
498216206438
319
498216206439
91
498216206440
174
498216206441
2777
498216206442
150
498216206443
34
498216206444
147
498216206445
21
498216206446
258
498216206447
755
498216206448
17
498216206450
856
498216206451
731
498216206452
1614
498216206453
793
498216206454
219
498216206455
22
498216206457
316
498216206458
3
502511157920
44
502511157921
14
502511157924
232
502511157925
61
502511157926
1
502511157928
3
502511157929
88
502511157933
13
502511157939
4
502511157942
248
502511157944
1
502511157946
12
502511157948
4
502511158145
17
502511158149
15
502511158163
1
502511158187
1
502511158425
6
502511158443
17
502511158447
2
502511160751
1
502511173664
116
502511173666
4
502511173673
13
502511173676
2
502511173677
3
502511173678
1
502511173679
1
502511173683
1
502511173729
115
502511173730
92
502511173731
47
502511173732
200
502511173733
129
502511173734
11
502511173735
88
502511173736
7
502511173737
66
502511173738
8
502511173739
352
502511173740
272
502511173741
173
502511173742
1325
502511173743
54
502511173744
238
502511173746
943
502511173747
234
502511173748
1857
502511173749
20
502511173750
85
502511173751
12
502511173752
40
502511173754
19
506806125223
1
506806125225
4
506806125229
1
506806125233
3
506806125453
6
506806125473
1
506806125475
4
506806125698
9
506806125729
28
506806125758
3
506806140960
1299
506806140962
2
506806140969
6
506806140972
19
506806140974
17
506806140986
7
506806141025
1220
506806141026
12
506806141028
38
506806141029
1405
506806141030
5
506806141031
11
506806141033
995
506806141034
6
506806141035
1
506806141036
36
506806141037
11
506806141038
86
506806141039
111
506806141040
1
506806141041
2
506806141042
34
506806141043
337
506806141044
37
506806141045
36
506806141046
17
506806141049
41
511101092513
12
511101092516
217
511101092517
288
511101092518
1
511101092521
14
511101092525
16
511101092541
6
511101092763
10
511101093025
10
511101095345
4
511101095348
1
511101095349
4
511101095353
2
511101095556
5
511101095561
1
511101108256
27
511101108258
6
511101108269
1
511101108270
3
511101108271
3
511101108321
47
511101108325
60
511101108328
3
511101108329
44
511101108331
9
511101108332
1
511101108333
2
511101108334
13
511101108335
10
511101108338
13
511101108339
5
511101108340
1
511101108343
1
511101108345
33
515396060290
4
515396075552
70
515396075561
2
515396075565
2
515396075566
1
515396075567
1
515396075617
310
515396075619
5
515396075621
46
515396075625
21
515396075627
4
515396075628
3
515396075629
4
515396075632
6
515396075636
14
519691027109
4
519691027113
1
519691042848
201
519691042850
16
519691042857
13
519691042860
17
519691042867
2
519691042875
9
519691042913
71
519691042914
2
519691042915
108
519691042916
67
519691042917
11
519691042918
38
519691042919
267
519691042920
3
519691042921
7
519691042922
2
519691042923
36
519691042924
80
519691042925
81
519691042926
235
519691042927
6
519691042928
21
519691042930
688
519691042931
180
519691042932
73
519691042934
1
519691042935
1
519691042938
3
523985994401
6
523985994413
6
523985994419
7
523985994422
2
523985994913
2
523985994940
9
523986010144
29
523986010146
1
523986010153
1
523986010156
1
523986010209
67
523986010210
3
523986010211
4
523986010212
23
523986010213
78
523986010215
1
523986010216
1
523986010217
169
523986010218
8
523986010219
25
523986010221
2
523986010222
42
523986010223
44
523986010224
6
523986010227
10
523986010228
37
523986010229
12
523986010231
2
523986010233
13
523986010234
5
528280961697
49
528280961709
2
528280961724
3
528280961921
1
528280961925
3
528280962193
2
528280962201
4
532575944736
2652
18438158623063408672
111
18438158623063408689
1
18438158623063408747
1
18438158623063408748
3
18446676586888429600
2
18446676586888429667
1
18446676586888429676
1
18446676591183396896
46
18446676595478364192
144
18446676595478364201
7
18446676595478364259
9
18446676595478364260
4
18446676595478364263
39
18446676595478364266
2
18446676595478364267
1
18446676595478364268
15
18446676595478364269
2
18446676595478364270
16
18446676595478364272
8
18446676595478364274
24
18446676595478364275
11
18446676595478364276
18
18446676595478364278
4
18446676595478364282
2
18446676599773316232
1
18446676599773316249
4
18446676604068298863
4
18446676608363266080
4
18446676608363266089
1
18446676608363266093
2
18446676608363266095
1
18446676608363266146
5
18446676608363266147
70
18446676608363266148
115
18446676608363266150
9
18446676608363266151
113
18446676608363266152
1
18446676608363266153
3
18446676608363266155
289
18446676608363266156
360
18446676608363266157
368
18446676608363266158
768
18446676608363266160
2
18446676608363266162
860
18446676608363266163
73
18446676608363266164
266
18446676608363266166
110
18446676608363266168
4
18446676608363266169
1
18446676612658217631
2
18446676612658217636
13
18446676612658233376
671
18446676612658233388
10
18446676612658233390
3
18446676612658233442
25
18446676612658233444
163
18446676612658233445
29
18446676612658233446
3
18446676612658233447
112
18446676612658233451
6
18446676612658233452
139
18446676612658233454
201
18446676612658233458
701
18446676612658233459
26
18446676612658233460
140
18446676612658233461
1
18446676612658233462
27
18446676616953184933
9
18446676616953200740
3
18446676616953200743
14
18446676616953200747
1
18446676616953200748
1
18446676616953200749
1
18446676616953200750
1
18446676616953200754
2
18446676616953200755
2
18446676616953200758
1
18446676621248168033
6
18446676625543119523
3
18446676625543135346
16
18446676625543135347
1
18446676629838102560
59
18446676629838102562
1
18446676629838102568
1
18446676629838102569
1
18446676629838102619
1
18446676629838102625
9
18446676629838102627
40
18446676629838102628
60
18446676629838102629
3
18446676629838102631
7
18446676629838102632
10
18446676629838102635
17
18446676629838102636
8
18446676629838102637
8
18446676629838102638
21
18446676629838102639
3
18446676629838102640
6
18446676629838102642
36
18446676629838102643
48
18446676629838102644
29
18446676629838102646
1
18446676629838102650
1
18446676634133054121
2
18446676634133069934
1
18446676634133069940
1
18446676634133069941
1
18446676638428037167
38
18446676647017971744
107
18446676647017971746
7
18446676647017971753
1
18446676647017971756
2
18446676647017971809
44
18446676647017971811
7
18446676647017971812
2
18446676647017971814
1
18446676647017971816
2
18446676647017971819
13
18446676647017971820
1
18446676647017971821
12
18446676647017971822
20
18446676647017971826
1
18446676647017971827
4
18446676647017971828
20
18446676647017971830
2
18446676647017971834
13
18446676651312939124
1
18446676664197840993
41
18446676672787775520
4
18446676672787775588
3
18446676672787775591
56
18446676672787775596
2
18446676672787775597
1
18446676672787775598
11
18446676672787775600
2
18446676672787775602
3
18446676672787775603
3
18446676672787775607
15
18446676672787775610
3
18446676677082742893
29
18446676677082742898
4
18446676681377710180
1
18446676681377710181
1
18446676681377710188
1
18446676681377710192
6
18446676685672677408
3
18446676685672677423
1
18446676685672677474
5
18446676685672677476
45
18446676685672677478
22
18446676685672677479
98
18446676685672677480
2
18446676685672677481
2
18446676685672677482
26
18446676685672677483
70
18446676685672677484
154
18446676685672677485
35
18446676685672677486
20
18446676685672677488
17
18446676685672677490
1877
18446676685672677491
63
18446676685672677492
100
18446676685672677494
300
18446676694262612066
1
18446676694262612068
1
18446676694262612071
2
18446676694262612074
4
18446676694262612076
1
18446676694262612078
2
18446676694262612082
6
18446676702852546658
2
18446676702852546660
9
18446676702852546674
14
18446676702852546675
1
18446676702852546676
1
18446676702852546682
3
18446676711442481250
13
18446676711442481252
1
18446676711442481254
16
18446676711442481255
7
18446676711442481256
1
18446676711442481260
15
18446676711442481262
7
18446676711442481266
18
18446676711442481267
2
18446676711442481274
1
18446676715737432735
1
18446676715737448480
22
18446676715737448547
10
18446676715737448564
3
18446677557551038496
10
18446677557551038563
7
18446677557551038564
2
18446677557551038570
1
18446677557551038572
3
18446677557551038573
4
18446677557551038574
2
18446677557551038578
19
18446677557551038579
8
18446677557551038580
19
18446677561845990590
1
18446677574730907680
28
18446677574730907692
2
18446677574730907747
5
18446677574730907748
1
18446677574730907760
2
18446677574730907763
1
18446677600500711456
1
18446677600500711525
5
18446677600500711529
11
18446677600500711530
7
18446677604795663243
2
18446677609090646113
2
18446677609090646117
63
18446677609090646121
2
18446677609090646122
1
18446677609090646126
15
18446677613385597613
2
18446677634860449824
1
18446677634860449891
1
18446677634860449892
1
18446677634860449898
1
18446677634860449901
1
18446677634860449906
2
18446677639155401889
2
18446677652040319008
6
18446677652040319082
10
18446677652040319091
8
18446677660630253600
14
18446677660630253667
1
18446677660630253671
6
18446677660630253684
1
18446677669220188194
2
18446677669220188260
7
18446677669220188268
3
18446677669220188270
2
18446677669220188274
3
18446677669220188276
4
18446677673515140249
1
18446677694989991968
1
18446677694989992037
4
18446677694989992041
34
18446677703579926625
2
18446677703579926633
34
18446677703579926645
2
18446677720759795809
3
18446677720759795826
1
18446677725054747559
1
18446677737939664994
13
18446677737939664996
3
18446677737939664999
3
18446677737939665006
6
18446677737939665012
2
18446677789479272553
10
18446677810954109025
3
18446677810954109045
1
18446677819544043552
1
18446677819544043635
7
18446678661357633568
21
18446678661357633633
11
18446678661357633635
2
18446678661357633637
5
18446678661357633647
9
18446678661357633653
5
18446678661357633657
2
18446678665652585139
4
18446678669947568160
1
18446678669947568162
1
18446678669947568227
5
18446678669947568243
12
18446678687127437427
1
18446678725782143008
4
18446678725782143021
1
18446678725782143079
2
18446678725782143081
2
18446678725782143090
1
18446678725782143098
1
18446678734372077682
1
18446678760141881376
2
18446678760141881378
1
18446678760141881388
2
18446678760141881445
4
18446678760141881454
3
18446678760141881455
3
18446678760141881459
12
18446678764436832941
6
18446678768731816035
2
18446678768731816044
1
18446678768731816050
2
18446678794501619744
1
18446678794501619809
5
18446678794501619811
5
18446678794501619813
25
18446678794501619817
1
18446678794501619819
55
18446678794501619822
1
18446678794501619823
2
18446678794501619824
5
18446678794501619828
12
18446678798796571309
2
18446678798796571563
3
18446678798796571809
2
18446678837451292786
16
18446678837451292788
2
18446678841746244769
2
18446678854631161888
1
18446678854631161890
2
18446678854631161965
1
18446678854631161971
10
18446678863221096566
1
18446678871811031072
6
18446678901875802144
1
18446678901875802156
1
18446678901875802222
1
18446678910465736809
1
18446678910465736810
1
18446678910465736814
6
18446678910465736819
8
18446678910465736821
1
18446678910465736825
51
18446678919055671342
1
18446678919055671393
2
18446678919055671397
5
18446678919055671401
6
18446678919055671407
1
18446678919055671413
1
18446678919055671417
10
18446688737350909984
4
18446688741645864372
2
18446688741645864578
39
18446688741645864579
4
18446688741645864580
9
18446688745940831665
1
18446688745940831674
1
18446688745940831675
2
18446688745940831677
2
18446688745940831872
1
18446688745940831873
4
18446688745940844576
66
18446688745940844589
1
18446688750235798972
11
18446688750235799169
2
18446688750235799170
44
18446688750235799172
1
18446688750235811872
1
18446688750235811951
5
18446688754530766257
73
18446688754530766260
3
18446688754530766266
6
18446688754530766271
20
18446688754530766464
3
18446688754530766468
6
18446688754530766473
3
18446688758825746464
67
18446688758825746477
1
18446688758825746479
1
18446688758825746482
1
18446688758825746550
5
18446688763120700847
7
18446688763120700850
1
18446688763120700851
7
18446688763120700852
3
18446688763120700856
9
18446688763120700857
40
18446688763120700858
15
18446688763120700859
7
18446688763120700860
5
18446688763120700861
17
18446688763120700862
1
18446688763120701056
6
18446688763120701057
20
18446688763120701058
30
18446688763120701059
10
18446688763120701060
69
18446688763120701061
4
18446688763120701062
7
18446688767415668145
3
18446688767415668149
2
18446688767415668153
4
18446688767415668159
7
18446688767415681135
1
18446688767415681142
2
18446688771710635437
1
18446688771710635439
49
18446688771710635441
4
18446688771710635443
12
18446688771710635445
28
18446688771710635447
1
18446688771710635449
23
18446688771710635450
2
18446688771710635453
4
18446688771710635455
3
18446688771710635649
8
18446688771710635653
2
18446688771710648431
6
18446688776005602735
4
18446688776005602737
1
18446688776005602741
13
18446688776005602743
1
18446688776005602745
24
18446688776005602751
13
18446688776005602945
5
18446688776005602953
2
18446688776005615648
3
18446688776005615657
2
18446688776005615662
3
18446688776005615734
2
18446688780300570031
22
18446688780300570034
2
18446688780300570035
9
18446688780300570036
2
18446688780300570037
4
18446688780300570040
5
18446688780300570041
31
18446688780300570042
9
18446688780300570043
43
18446688780300570044
1
18446688780300570045
8
18446688780300570240
14
18446688780300570241
10
18446688780300570243
3
18446688780300570244
3
18446688780300570245
35
18446688780300570246
2
18446688780300570247
11
18446688780300570253
1
18446688784595550240
10
18446688784595550326
2
18446688788890504627
1
18446688788890504635
10
18446688788890504636
4
18446688788890504637
12
18446688788890504833
2
18446688788890504834
14
18446688788890504835
11
18446688788890504836
17
18446688788890504839
3
18446688788890517545
1
18446688788890517615
7
18446688793185471921
2
18446688793185471925
5
18446688793185471927
4
18446688793185471933
5
18446688793185471935
4
18446688793185472129
3
18446688793185472142
3
18446688793185484832
17
18446688793185484846
3
18446688793185484911
13
18446688793185484918
5
18446688797480439212
4
18446688797480439217
43
18446688797480439220
24
18446688797480439221
5
18446688797480439223
7
18446688797480439226
135
18446688797480439228
5
18446688797480439229
7
18446688797480439231
24
18446688797480439424
1
18446688797480439425
17
18446688797480439427
25
18446688797480439428
6
18446688797480439433
1
18446688797480439438
3
18446688797480452207
1
18446688801775406508
4
18446688801775406510
93
18446688801775406513
22
18446688801775406516
1
18446688801775406517
6
18446688801775406519
8
18446688801775406527
14
18446688801775406720
4
18446688801775406721
4
18446688801775406724
12
18446688801775406732
30
18446688801775406733
39
18446688801775406734
7
18446688801775419503
28
18446688806070373804
40
18446688806070373806
7
18446688806070373807
1
18446688806070373809
4
18446688806070373813
14
18446688806070373815
2
18446688806070373817
7
18446688806070373819
42
18446688806070373820
3
18446688806070373823
35
18446688806070374021
2
18446688806070374022
2
18446688806070374025
4
18446688806070374030
2
18446688806070386799
2
18446688810365341100
5
18446688810365341101
3
18446688810365341102
6
18446688810365341103
4
18446688810365341105
46
18446688810365341106
7
18446688810365341109
5
18446688810365341111
4
18446688810365341113
6
18446688810365341116
3
18446688810365341119
5
18446688810365341312
1
18446688810365341317
1
18446688810365341321
2
18446688810365341326
2
18446688810365354016
37
18446688810365354030
1
18446688810365354031
1
18446688810365354095
6
18446688814660308399
3
18446688814660308401
10
18446688814660308404
1
18446688814660308405
13
18446688814660308407
1
18446688814660308409
24
18446688814660308415
34
18446688814660308612
12
18446688814660308617
9
18446688814660308622
5
18446688818955275705
1
18446688818955288608
34
18446688818955288621
2
18446688823250242991
2
18446688823250242993
1
18446688823250242994
1
18446688823250242995
32
18446688823250242996
16
18446688823250243000
1
18446688823250243001
18
18446688823250243002
5
18446688823250243003
40
18446688823250243004
5
18446688823250243005
19
18446688823250243200
10
18446688823250243201
6
18446688823250243202
55
18446688823250243203
16
18446688823250243204
4
18446688823250243205
36
18446688823250243206
2
18446688823250243207
2
18446688823250243208
1
18446688823250243213
16
18446689647883976745
1
18446689647883976815
1
18446689647883976822
1
18446689652178931121
26
18446689652178931125
5
18446689652178931128
1
18446689652178931129
19
18446689652178931131
6
18446689652178931133
1
18446689652178931135
24
18446689652178931329
49
18446689652178931332
15
18446689652178931333
2
18446689652178931340
1
18446689652178944111
14
18446689656473898413
1
18446689656473898417
17
18446689656473898419
30
18446689656473898420
2
18446689656473898421
4
18446689656473898423
6
18446689656473898424
4
18446689656473898425
51
18446689656473898428
5
18446689656473898431
67
18446689656473898629
4
18446689656473898631
12
18446689656473898633
2
18446689656473898636
9
18446689656473898637
2
18446689656473898638
3
18446689656473911328
185
18446689656473911330
2
18446689656473911340
2
18446689665063833006
1
18446689665063833007
2
18446689665063833009
3
18446689665063833015
23
18446689665063833016
2
18446689665063833017
7
18446689665063833018
6
18446689665063833023
4
18446689665063833219
3
18446689665063833220
33
18446689665063833221
7
18446689665063833223
9
18446689665063833225
1
18446689665063833228
1
18446689665063845934
3
18446689665063845999
8
18446689669358800300
2
18446689669358800301
6
18446689669358800302
10
18446689669358800303
7
18446689669358800305
14
18446689669358800309
21
18446689669358800311
26
18446689669358800313
51
18446689669358800315
5
18446689669358800316
6
18446689669358800319
35
18446689669358800513
53
18446689669358800515
1
18446689669358800517
13
18446689669358800521
6
18446689669358800524
3
18446689669358813216
16
18446689669358813228
1
18446689669358813302
1
18446689673653767603
10
18446689673653767612
18
18446689673653767613
2
18446689673653767808
9
18446689673653767809
35
18446689673653767811
2
18446689673653767812
28
18446689673653767815
19
18446689677948734894
5
18446689677948734897
3
18446689677948734904
2
18446689677948735105
4
18446689677948735109
4
18446689677948735118
2
18446689677948747887
2
18446689682243702191
15
18446689682243702193
3
18446689682243702197
17
18446689682243702201
16
18446689682243702205
10
18446689682243702207
10
18446689682243702414
1
18446689686538669701
6
18446689686538682486
1
18446689690833636796
5
18446689690833636797
17
18446689690833636992
1
18446689690833636995
3
18446689690833636996
6
18446689699423584288
19
18446689703718538674
1
18446689703718538675
1
18446689703718538684
3
18446689703718538685
9
18446689703718538882
4
18446689703718538884
7
18446689703718551584
6
18446689708013505979
7
18446689708013505980
2
18446689708013506176
39
18446689708013506177
1
18446689708013506180
1
18446689708013506183
2
18446689708013518966
1
18446689712308473268
1
18446689712308473271
2
18446689712308473277
17
18446689712308473279
1
18446689712308473473
6
